<?xml version="1.0" encoding="utf-8"?>
<COLLADA xmlns="http://www.collada.org/2005/11/COLLADASchema" version="1.4.1">
  <asset>
    <contributor>
      <author>Mixamo</author>
      <authoring_tool>COLLADA Mixamo exporter</authoring_tool>
      <comments/>
    </contributor>
    <created>2024-08-22T02:58:59Z</created>
    <modified>2024-08-22T02:58:59Z</modified>
    <revision/>
    <title/>
    <unit meter="0.010000"/>
    <up_axis>Y_UP</up_axis>
  </asset>
  <library_animations>
    <animation id="mixamorig_Hips-anim" name="mixamorig_Hips">
      <source id="mixamorig_Hips-Matrix-animation-input">
        <float_array id="mixamorig_Hips-Matrix-animation-input-array" count="36">

0.000000 0.033333 0.066667 0.100000 0.133333 0.166667 0.200000 0.233333 0.266667 0.300000 0.333333 0.366667 0.400000 0.433333 0.466667 0.500000
0.533333 0.566667 0.600000 0.633333 0.666667 0.700000 0.733333 0.766667 0.800000 0.833333 0.866667 0.900000 0.933333 0.966667 1.000000 1.033333
1.066667 1.100000 1.133333 1.166667</float_array>
        <technique_common>
          <accessor source="#mixamorig_Hips-Matrix-animation-input-array" count="36">
            <param name="TIME" type="float"/>
          </accessor>
        </technique_common>
      </source>
      <source id="mixamorig_Hips-Matrix-animation-output-transform">
        <float_array id="mixamorig_Hips-Matrix-animation-output-transform-array" count="576">

0.999158 -0.003374 -0.040898 0.006292 0.005171 0.999023 0.043901 101.854515 0.040710 -0.044075 0.998198 1.990972 0.000000 0.000000 0.000000 1.000000
0.999243 -0.004649 -0.038623 0.061375 0.006338 0.999024 0.043717 101.852638 0.038382 -0.043929 0.998297 1.969980 0.000000 0.000000 0.000000 1.000000
0.999291 -0.005387 -0.037266 0.089925 0.006999 0.999039 0.043264 101.861122 0.036997 -0.043494 0.998368 1.934794 0.000000 0.000000 0.000000 1.000000
0.999278 -0.005520 -0.037583 0.100344 0.007119 0.999069 0.042549 101.872772 0.037313 -0.042786 0.998387 1.888665 0.000000 0.000000 0.000000 1.000000
0.999187 -0.005098 -0.039995 0.099446 0.006762 0.999112 0.041585 101.875282 0.039748 -0.041822 0.998334 1.849962 0.000000 0.000000 0.000000 1.000000
0.999025 -0.004409 -0.043936 0.085815 0.006186 0.999165 0.040387 101.864731 0.043721 -0.040619 0.998218 1.850726 0.000000 0.000000 0.000000 1.000000
0.998844 -0.003878 -0.047909 0.062160 0.005748 0.999224 0.038968 101.844910 0.047721 -0.039199 0.998091 1.909575 0.000000 0.000000 0.000000 1.000000
0.998722 -0.003701 -0.050403 0.048367 0.005565 0.999304 0.036886 101.822113 0.050231 -0.037119 0.998048 2.006511 0.000000 0.000000 0.000000 1.000000
0.998711 -0.003910 -0.050601 0.062601 0.005738 0.999334 0.036035 101.812202 0.050427 -0.036279 0.998069 2.079490 0.000000 0.000000 0.000000 1.000000
0.998825 -0.004605 -0.048252 0.095887 0.006439 0.999260 0.037921 101.825317 0.048041 -0.038187 0.998115 2.096274 0.000000 0.000000 0.000000 1.000000
0.999028 -0.005756 -0.043703 0.124781 0.007585 0.999097 0.041814 101.852821 0.043423 -0.042105 0.998169 2.080361 0.000000 0.000000 0.000000 1.000000
0.999240 -0.006945 -0.038365 0.139010 0.008673 0.998946 0.045076 101.879524 0.038012 -0.045374 0.998247 2.070047 0.000000 0.000000 0.000000 1.000000
0.999378 -0.007542 -0.034441 0.142406 0.009127 0.998895 0.046104 101.894638 0.034055 -0.046390 0.998343 2.075072 0.000000 0.000000 0.000000 1.000000
0.999408 -0.007251 -0.033620 0.135118 0.008781 0.998921 0.045603 101.891739 0.033253 -0.045871 0.998394 2.086672 0.000000 0.000000 0.000000 1.000000
0.999336 -0.006426 -0.035853 0.112783 0.008034 0.998959 0.044896 101.873848 0.035527 -0.045154 0.998348 2.110344 0.000000 0.000000 0.000000 1.000000
0.999200 -0.005585 -0.039607 0.073739 0.007316 0.999018 0.043695 101.850578 0.039324 -0.043950 0.998259 2.162555 0.000000 0.000000 0.000000 1.000000
0.999054 -0.004788 -0.043230 0.026340 0.006620 0.999082 0.042326 101.831009 0.042988 -0.042572 0.998168 2.214380 0.000000 0.000000 0.000000 1.000000
0.998952 -0.003816 -0.045602 -0.007290 0.005639 0.999187 0.039909 101.818085 0.045413 -0.040125 0.998162 2.217430 0.000000 0.000000 0.000000 1.000000
0.998952 -0.002884 -0.045675 -0.013858 0.004596 0.999289 0.037414 101.813080 0.045534 -0.037585 0.998255 2.150928 0.000000 0.000000 0.000000 1.000000
0.999078 -0.002597 -0.042852 -0.004641 0.004161 0.999327 0.036434 101.815346 0.042728 -0.036579 0.998417 2.062954 0.000000 0.000000 0.000000 1.000000
0.999258 -0.003108 -0.038381 0.004007 0.004534 0.999300 0.037122 101.826874 0.038239 -0.037268 0.998573 2.011306 0.000000 0.000000 0.000000 1.000000
0.999390 -0.003869 -0.034703 0.007315 0.005190 0.999261 0.038077 101.847404 0.034530 -0.038234 0.998672 2.005957 0.000000 0.000000 0.000000 1.000000
0.999440 -0.004398 -0.033166 0.006093 0.005670 0.999248 0.038368 101.864822 0.032972 -0.038535 0.998713 2.020780 0.000000 0.000000 0.000000 1.000000
0.999428 -0.004580 -0.033502 0.003252 0.005861 0.999252 0.038234 101.867760 0.033301 -0.038409 0.998707 2.033356 0.000000 0.000000 0.000000 1.000000
0.999379 -0.004514 -0.034941 0.001033 0.005843 0.999259 0.038037 101.856537 0.034744 -0.038218 0.998665 2.043910 0.000000 0.000000 0.000000 1.000000
0.999309 -0.004359 -0.036925 -0.002180 0.005754 0.999270 0.037758 101.839470 0.036734 -0.037945 0.998604 2.060828 0.000000 0.000000 0.000000 1.000000
0.999229 -0.004205 -0.039040 -0.005908 0.005668 0.999283 0.037431 101.825203 0.038855 -0.037624 0.998536 2.083322 0.000000 0.000000 0.000000 1.000000
0.999157 -0.004053 -0.040849 -0.006833 0.005580 0.999287 0.037349 101.818436 0.040669 -0.037546 0.998467 2.103096 0.000000 0.000000 0.000000 1.000000
0.999109 -0.003912 -0.042011 -0.005703 0.005500 0.999272 0.037761 101.819778 0.041833 -0.037959 0.998403 2.112378 0.000000 0.000000 0.000000 1.000000
0.999090 -0.003781 -0.042477 -0.004867 0.005424 0.999239 0.038631 101.829704 0.042298 -0.038826 0.998350 2.108298 0.000000 0.000000 0.000000 1.000000
0.999092 -0.003645 -0.042447 -0.004182 0.005331 0.999198 0.039678 101.846176 0.042269 -0.039868 0.998311 2.093657 0.000000 0.000000 0.000000 1.000000
0.999104 -0.003544 -0.042168 -0.004409 0.005267 0.999153 0.040808 101.861702 0.041987 -0.040993 0.998277 2.071694 0.000000 0.000000 0.000000 1.000000
0.999120 -0.003481 -0.041787 -0.005324 0.005235 0.999106 0.041942 101.868889 0.041603 -0.042124 0.998246 2.046820 0.000000 0.000000 0.000000 1.000000
0.999137 -0.003427 -0.041395 -0.001586 0.005206 0.999064 0.042932 101.865501 0.041209 -0.043111 0.998220 2.021198 0.000000 0.000000 0.000000 1.000000
0.999150 -0.003391 -0.041078 0.003574 0.005185 0.999034 0.043633 101.858200 0.040890 -0.043809 0.998203 2.000851 0.000000 0.000000 0.000000 1.000000
0.999158 -0.003374 -0.040898 0.006292 0.005171 0.999023 0.043901 101.854515 0.040710 -0.044075 0.998198 1.990972 0.000000 0.000000 0.000000 1.000000</float_array>
        <technique_common>
          <accessor source="#mixamorig_Hips-Matrix-animation-output-transform-array" count="36" stride="16">
            <param type="float4x4"/>
          </accessor>
        </technique_common>
      </source>
      <source id="mixamorig_Hips-Interpolations">
        <Name_array id="mixamorig_Hips-Interpolations-array" count="36">
 LINEAR LINEAR LINEAR LINEAR LINEAR LINEAR LINEAR LINEAR LINEAR LINEAR LINEAR
LINEAR LINEAR LINEAR LINEAR LINEAR LINEAR LINEAR LINEAR LINEAR LINEAR LINEAR LINEAR
LINEAR LINEAR LINEAR LINEAR LINEAR LINEAR LINEAR LINEAR LINEAR LINEAR LINEAR LINEAR
LINEAR</Name_array>
        <technique_common>
          <accessor source="#mixamorig_Hips-Interpolations-array" count="36">
            <param type="name"/>
          </accessor>
        </technique_common>
      </source>
      <sampler id="mixamorig_Hips-Matrix-animation-transform">
        <input semantic="INPUT" source="#mixamorig_Hips-Matrix-animation-input"/>
        <input semantic="OUTPUT" source="#mixamorig_Hips-Matrix-animation-output-transform"/>
        <input semantic="INTERPOLATION" source="#mixamorig_Hips-Interpolations"/>
      </sampler>
      <channel source="#mixamorig_Hips-Matrix-animation-transform" target="mixamorig_Hips/matrix"/>
    </animation>
    <animation id="mixamorig_Spine-anim" name="mixamorig_Spine">
      <source id="mixamorig_Spine-Matrix-animation-input">
        <float_array id="mixamorig_Spine-Matrix-animation-input-array" count="36">

0.000000 0.033333 0.066667 0.100000 0.133333 0.166667 0.200000 0.233333 0.266667 0.300000 0.333333 0.366667 0.400000 0.433333 0.466667 0.500000
0.533333 0.566667 0.600000 0.633333 0.666667 0.700000 0.733333 0.766667 0.800000 0.833333 0.866667 0.900000 0.933333 0.966667 1.000000 1.033333
1.066667 1.100000 1.133333 1.166667</float_array>
        <technique_common>
          <accessor source="#mixamorig_Spine-Matrix-animation-input-array" count="36">
            <param name="TIME" type="float"/>
          </accessor>
        </technique_common>
      </source>
      <source id="mixamorig_Spine-Matrix-animation-output-transform">
        <float_array id="mixamorig_Spine-Matrix-animation-output-transform-array" count="576">

0.999548 0.030056 -0.001032 0.004700 -0.029924 0.997390 0.065707 5.245300 0.003004 -0.065646 0.997838 0.258800 0.000000 0.000000 0.000000 1.000000
0.999475 0.032367 -0.001368 0.004700 -0.032203 0.997236 0.066959 5.245300 0.003532 -0.066880 0.997755 0.258800 0.000000 0.000000 0.000000 1.000000
0.999404 0.034475 -0.001870 0.004700 -0.034267 0.997067 0.068430 5.245300 0.004223 -0.068326 0.997654 0.258800 0.000000 0.000000 0.000000 1.000000
0.999359 0.035724 -0.002148 0.004700 -0.035487 0.996929 0.069813 5.245300 0.004635 -0.069692 0.997558 0.258800 0.000000 0.000000 0.000000 1.000000
0.999362 0.035659 -0.002079 0.004700 -0.035423 0.996867 0.070715 5.245300 0.004594 -0.070597 0.997494 0.258800 0.000000 0.000000 0.000000 1.000000
0.999413 0.034208 -0.001783 0.004700 -0.033996 0.996912 0.070788 5.245300 0.004199 -0.070686 0.997490 0.258800 0.000000 0.000000 0.000000 1.000000
0.999485 0.032071 -0.001279 0.004700 -0.031903 0.997034 0.070032 5.245300 0.003521 -0.069955 0.997544 0.258800 0.000000 0.000000 0.000000 1.000000
0.999529 0.030681 -0.000521 0.004700 -0.030572 0.997150 0.068974 5.245300 0.002635 -0.068926 0.997618 0.258800 0.000000 0.000000 0.000000 1.000000
0.999517 0.031083 0.000366 0.004700 -0.031036 0.997188 0.068206 5.245300 0.001755 -0.068185 0.997671 0.258800 0.000000 0.000000 0.000000 1.000000
0.999455 0.032993 0.001110 0.004700 -0.032992 0.997145 0.067915 5.245300 0.001134 -0.067914 0.997691 0.258800 0.000000 0.000000 0.000000 1.000000
0.999376 0.035292 0.001409 0.004700 -0.035306 0.997046 0.068210 5.245300 0.001002 -0.068218 0.997670 0.258800 0.000000 0.000000 0.000000 1.000000
0.999311 0.037095 0.001058 0.004700 -0.037079 0.996903 0.069357 5.245300 0.001518 -0.069349 0.997591 0.258800 0.000000 0.000000 0.000000 1.000000
0.999277 0.038016 0.000213 0.004700 -0.037935 0.996749 0.071074 5.245300 0.002490 -0.071031 0.997471 0.258800 0.000000 0.000000 0.000000 1.000000
0.999284 0.037837 -0.000643 0.004700 -0.037691 0.996669 0.072321 5.245300 0.003377 -0.072245 0.997381 0.258800 0.000000 0.000000 0.000000 1.000000
0.999337 0.036406 -0.001011 0.004700 -0.036238 0.996725 0.072295 5.245300 0.003640 -0.072210 0.997383 0.258800 0.000000 0.000000 0.000000 1.000000
0.999417 0.034125 -0.000552 0.004700 -0.033999 0.996876 0.071290 5.245300 0.002983 -0.071229 0.997456 0.258800 0.000000 0.000000 0.000000 1.000000
0.999484 0.032115 0.000586 0.004700 -0.032077 0.996997 0.070484 5.245300 0.001679 -0.070466 0.997513 0.258800 0.000000 0.000000 0.000000 1.000000
0.999509 0.031297 0.001544 0.004700 -0.031328 0.996996 0.070840 5.245300 0.000677 -0.070853 0.997487 0.258800 0.000000 0.000000 0.000000 1.000000
0.999499 0.031632 0.001454 0.004700 -0.031655 0.996895 0.072104 5.245300 0.000831 -0.072114 0.997396 0.258800 0.000000 0.000000 0.000000 1.000000
0.999473 0.032459 0.000309 0.004700 -0.032394 0.996787 0.073260 5.245300 0.002069 -0.073231 0.997313 0.258800 0.000000 0.000000 0.000000 1.000000
0.999443 0.033348 -0.001123 0.004700 -0.033173 0.996703 0.074043 5.245300 0.003589 -0.073964 0.997254 0.258800 0.000000 0.000000 0.000000 1.000000
0.999406 0.034396 -0.002039 0.004700 -0.034147 0.996602 0.074956 5.245300 0.004610 -0.074842 0.997185 0.258800 0.000000 0.000000 0.000000 1.000000
0.999366 0.035537 -0.002204 0.004700 -0.035268 0.996495 0.075853 5.245300 0.004892 -0.075727 0.997117 0.258800 0.000000 0.000000 0.000000 1.000000
0.999354 0.035891 -0.001994 0.004700 -0.035637 0.996480 0.075881 5.245300 0.004711 -0.075761 0.997115 0.258800 0.000000 0.000000 0.000000 1.000000
0.999398 0.034643 -0.001808 0.004700 -0.034411 0.996608 0.074754 5.245300 0.004392 -0.074646 0.997200 0.258800 0.000000 0.000000 0.000000 1.000000
0.999480 0.032205 -0.001688 0.004700 -0.031995 0.996807 0.073154 5.245300 0.004039 -0.073062 0.997319 0.258800 0.000000 0.000000 0.000000 1.000000
0.999549 0.029992 -0.001538 0.004700 -0.029804 0.996970 0.071844 5.245300 0.003688 -0.071766 0.997415 0.258800 0.000000 0.000000 0.000000 1.000000
0.999568 0.029360 -0.001273 0.004700 -0.029196 0.997060 0.070839 5.245300 0.003349 -0.070771 0.997487 0.258800 0.000000 0.000000 0.000000 1.000000
0.999529 0.030667 -0.000888 0.004700 -0.030530 0.997086 0.069906 5.245300 0.003029 -0.069846 0.997553 0.258800 0.000000 0.000000 0.000000 1.000000
0.999456 0.032968 -0.000712 0.004700 -0.032839 0.997038 0.069543 5.245300 0.003003 -0.069482 0.997579 0.258800 0.000000 0.000000 0.000000 1.000000
0.999392 0.034833 -0.001205 0.004700 -0.034662 0.996921 0.070333 5.245300 0.003651 -0.070248 0.997523 0.258800 0.000000 0.000000 0.000000 1.000000
0.999369 0.035459 -0.002192 0.004700 -0.035212 0.996814 0.071562 5.245300 0.004723 -0.071439 0.997434 0.258800 0.000000 0.000000 0.000000 1.000000
0.999391 0.034789 -0.002828 0.004700 -0.034498 0.996833 0.071653 5.245300 0.005312 -0.071512 0.997426 0.258800 0.000000 0.000000 0.000000 1.000000
0.999446 0.033178 -0.002560 0.004700 -0.032918 0.997007 0.069955 5.245300 0.004873 -0.069832 0.997547 0.258800 0.000000 0.000000 0.000000 1.000000
0.999508 0.031328 -0.001713 0.004700 -0.031141 0.997237 0.067449 5.245300 0.003821 -0.067363 0.997721 0.258800 0.000000 0.000000 0.000000 1.000000
0.999548 0.030056 -0.001032 0.004700 -0.029924 0.997390 0.065707 5.245300 0.003004 -0.065646 0.997838 0.258800 0.000000 0.000000 0.000000 1.000000</float_array>
        <technique_common>
          <accessor source="#mixamorig_Spine-Matrix-animation-output-transform-array" count="36" stride="16">
            <param type="float4x4"/>
          </accessor>
        </technique_common>
      </source>
      <source id="mixamorig_Spine-Interpolations">
        <Name_array id="mixamorig_Spine-Interpolations-array" count="36">
 LINEAR LINEAR LINEAR LINEAR LINEAR LINEAR LINEAR LINEAR LINEAR LINEAR LINEAR
LINEAR LINEAR LINEAR LINEAR LINEAR LINEAR LINEAR LINEAR LINEAR LINEAR LINEAR LINEAR
LINEAR LINEAR LINEAR LINEAR LINEAR LINEAR LINEAR LINEAR LINEAR LINEAR LINEAR LINEAR
LINEAR</Name_array>
        <technique_common>
          <accessor source="#mixamorig_Spine-Interpolations-array" count="36">
            <param type="name"/>
          </accessor>
        </technique_common>
      </source>
      <sampler id="mixamorig_Spine-Matrix-animation-transform">
        <input semantic="INPUT" source="#mixamorig_Spine-Matrix-animation-input"/>
        <input semantic="OUTPUT" source="#mixamorig_Spine-Matrix-animation-output-transform"/>
        <input semantic="INTERPOLATION" source="#mixamorig_Spine-Interpolations"/>
      </sampler>
      <channel source="#mixamorig_Spine-Matrix-animation-transform" target="mixamorig_Spine/matrix"/>
    </animation>
    <animation id="mixamorig_Spine1-anim" name="mixamorig_Spine1">
      <source id="mixamorig_Spine1-Matrix-animation-input">
        <float_array id="mixamorig_Spine1-Matrix-animation-input-array" count="36">

0.000000 0.033333 0.066667 0.100000 0.133333 0.166667 0.200000 0.233333 0.266667 0.300000 0.333333 0.366667 0.400000 0.433333 0.466667 0.500000
0.533333 0.566667 0.600000 0.633333 0.666667 0.700000 0.733333 0.766667 0.800000 0.833333 0.866667 0.900000 0.933333 0.966667 1.000000 1.033333
1.066667 1.100000 1.133333 1.166667</float_array>
        <technique_common>
          <accessor source="#mixamorig_Spine1-Matrix-animation-input-array" count="36">
            <param name="TIME" type="float"/>
          </accessor>
        </technique_common>
      </source>
      <source id="mixamorig_Spine1-Matrix-animation-output-transform">
        <float_array id="mixamorig_Spine1-Matrix-animation-output-transform-array" count="576">

0.999792 0.010402 -0.017562 0.000000 -0.009516 0.998712 0.049836 11.066900 0.018058 -0.049659 0.998603 0.000000 0.000000 0.000000 0.000000 1.000000
0.999717 0.014885 -0.018546 -0.000000 -0.013928 0.998615 0.050726 11.066900 0.019275 -0.050453 0.998540 0.000000 0.000000 0.000000 0.000000 1.000000
0.999632 0.018343 -0.019985 0.000000 -0.017273 0.998476 0.052422 11.066900 0.020916 -0.052058 0.998425 -0.000000 0.000000 0.000000 0.000000 1.000000
0.999581 0.019919 -0.021017 0.000000 -0.018753 0.998348 0.054307 11.066900 0.022064 -0.053890 0.998303 -0.000000 0.000000 0.000000 0.000000 1.000000
0.999587 0.019377 -0.021226 0.000000 -0.018169 0.998281 0.055722 11.066900 0.022270 -0.055313 0.998221 0.000000 0.000000 0.000000 0.000000 1.000000
0.999640 0.017240 -0.020560 0.000000 -0.016057 0.998280 0.056387 11.066900 0.021497 -0.056037 0.998197 0.000000 0.000000 0.000000 0.000000 1.000000
0.999713 0.014780 -0.018874 0.000000 -0.013691 0.998305 0.056573 11.066900 0.019678 -0.056298 0.998220 0.000000 0.000000 0.000000 0.000000 1.000000
0.999774 0.013548 -0.016389 0.000000 -0.012600 0.998317 0.056614 11.066900 0.017128 -0.056394 0.998262 0.000000 0.000000 0.000000 0.000000 1.000000
0.999799 0.014282 -0.014074 -0.000000 -0.013470 0.998328 0.056210 11.066900 0.014853 -0.056009 0.998320 0.000000 0.000000 0.000000 0.000000 1.000000
0.999780 0.016605 -0.012850 0.000000 -0.015875 0.998361 0.054979 11.066900 0.013741 -0.054763 0.998405 -0.000000 0.000000 0.000000 0.000000 1.000000
0.999723 0.019630 -0.012986 0.000000 -0.018905 0.998373 0.053801 11.066900 0.014021 -0.053540 0.998467 -0.000000 0.000000 0.000000 0.000000 1.000000
0.999644 0.022481 -0.014372 0.000000 -0.021671 0.998294 0.054225 11.066900 0.015567 -0.053895 0.998425 0.000000 0.000000 0.000000 0.000000 1.000000
0.999564 0.024511 -0.016468 0.000000 -0.023550 0.998140 0.056231 11.066900 0.017816 -0.055819 0.998282 0.000000 0.000000 0.000000 0.000000 1.000000
0.999514 0.025235 -0.018280 0.000000 -0.024136 0.998024 0.058007 11.066900 0.019708 -0.057538 0.998149 0.000000 0.000000 0.000000 0.000000 1.000000
0.999525 0.024460 -0.018731 0.000000 -0.023331 0.998029 0.058255 11.066900 0.020119 -0.057790 0.998126 -0.000000 0.000000 0.000000 0.000000 1.000000
0.999597 0.022672 -0.017080 -0.000000 -0.021653 0.998103 0.057636 11.066900 0.018354 -0.057243 0.998192 -0.000000 0.000000 0.000000 0.000000 1.000000
0.999689 0.020680 -0.013904 0.000000 -0.019844 0.998131 0.057794 11.066900 0.015073 -0.057500 0.998232 0.000000 0.000000 0.000000 0.000000 1.000000
0.999756 0.018894 -0.011449 -0.000000 -0.018181 0.998068 0.059413 11.066900 0.012549 -0.059190 0.998168 0.000000 0.000000 0.000000 0.000000 1.000000
0.999777 0.017590 -0.011680 -0.000000 -0.016840 0.997970 0.061425 11.066900 0.012736 -0.061215 0.998043 0.000000 0.000000 0.000000 0.000000 1.000000
0.999748 0.017205 -0.014394 0.000000 -0.016275 0.997917 0.062428 11.066900 0.015438 -0.062178 0.997946 0.000000 0.000000 0.000000 0.000000 1.000000
0.999683 0.017749 -0.017832 0.000000 -0.016599 0.997894 0.062703 11.066900 0.018908 -0.062387 0.997873 -0.000000 0.000000 0.000000 0.000000 1.000000
0.999618 0.018731 -0.020343 0.000000 -0.017406 0.997831 0.063488 11.066900 0.021488 -0.063110 0.997775 -0.000000 0.000000 0.000000 0.000000 1.000000
0.999580 0.019592 -0.021363 0.000000 -0.018175 0.997746 0.064589 11.066900 0.022581 -0.064174 0.997683 0.000000 0.000000 0.000000 0.000000 1.000000
0.999579 0.019743 -0.021248 0.000000 -0.018330 0.997733 0.064748 11.066900 0.022478 -0.064331 0.997675 0.000000 0.000000 0.000000 0.000000 1.000000
0.999617 0.018671 -0.020423 0.000000 -0.017333 0.997810 0.063835 11.066900 0.021570 -0.063456 0.997751 0.000000 0.000000 0.000000 0.000000 1.000000
0.999684 0.016240 -0.019185 0.000000 -0.015004 0.997907 0.062897 11.066900 0.020166 -0.062589 0.997836 0.000000 0.000000 0.000000 0.000000 1.000000
0.999751 0.013082 -0.018095 -0.000000 -0.011933 0.997991 0.062222 11.066900 0.018873 -0.061990 0.997898 0.000000 0.000000 0.000000 0.000000 1.000000
0.999788 0.010841 -0.017532 0.000000 -0.009757 0.998104 0.060776 11.066900 0.018158 -0.060592 0.997997 0.000000 0.000000 0.000000 0.000000 1.000000
0.999789 0.010914 -0.017382 -0.000000 -0.009886 0.998258 0.058168 11.066900 0.017987 -0.057984 0.998155 0.000000 0.000000 0.000000 0.000000 1.000000
0.999759 0.012693 -0.017920 0.000000 -0.011669 0.998357 0.056099 11.066900 0.018603 -0.055876 0.998264 0.000000 0.000000 0.000000 0.000000 1.000000
0.999702 0.014380 -0.019751 0.000000 -0.013248 0.998326 0.056307 11.066900 0.020527 -0.056029 0.998218 0.000000 0.000000 0.000000 0.000000 1.000000
0.999640 0.014950 -0.022259 0.000000 -0.013641 0.998232 0.057858 11.066900 0.023085 -0.057533 0.998077 0.000000 0.000000 0.000000 0.000000 1.000000
0.999621 0.014367 -0.023489 0.000000 -0.012982 0.998228 0.058079 11.066900 0.024282 -0.057752 0.998036 0.000000 0.000000 0.000000 0.000000 1.000000
0.999667 0.012996 -0.022277 -0.000000 -0.011736 0.998376 0.055753 11.066900 0.022966 -0.055473 0.998196 0.000000 0.000000 0.000000 0.000000 1.000000
0.999742 0.011446 -0.019626 0.000000 -0.010407 0.998580 0.052248 11.066900 0.020196 -0.052031 0.998441 0.000000 0.000000 0.000000 0.000000 1.000000
0.999792 0.010402 -0.017562 0.000000 -0.009516 0.998712 0.049836 11.066900 0.018058 -0.049659 0.998603 0.000000 0.000000 0.000000 0.000000 1.000000</float_array>
        <technique_common>
          <accessor source="#mixamorig_Spine1-Matrix-animation-output-transform-array" count="36" stride="16">
            <param type="float4x4"/>
          </accessor>
        </technique_common>
      </source>
      <source id="mixamorig_Spine1-Interpolations">
        <Name_array id="mixamorig_Spine1-Interpolations-array" count="36">
 LINEAR LINEAR LINEAR LINEAR LINEAR LINEAR LINEAR LINEAR LINEAR LINEAR LINEAR
LINEAR LINEAR LINEAR LINEAR LINEAR LINEAR LINEAR LINEAR LINEAR LINEAR LINEAR LINEAR
LINEAR LINEAR LINEAR LINEAR LINEAR LINEAR LINEAR LINEAR LINEAR LINEAR LINEAR LINEAR
LINEAR</Name_array>
        <technique_common>
          <accessor source="#mixamorig_Spine1-Interpolations-array" count="36">
            <param type="name"/>
          </accessor>
        </technique_common>
      </source>
      <sampler id="mixamorig_Spine1-Matrix-animation-transform">
        <input semantic="INPUT" source="#mixamorig_Spine1-Matrix-animation-input"/>
        <input semantic="OUTPUT" source="#mixamorig_Spine1-Matrix-animation-output-transform"/>
        <input semantic="INTERPOLATION" source="#mixamorig_Spine1-Interpolations"/>
      </sampler>
      <channel source="#mixamorig_Spine1-Matrix-animation-transform" target="mixamorig_Spine1/matrix"/>
    </animation>
    <animation id="mixamorig_Spine2-anim" name="mixamorig_Spine2">
      <source id="mixamorig_Spine2-Matrix-animation-input">
        <float_array id="mixamorig_Spine2-Matrix-animation-input-array" count="36">

0.000000 0.033333 0.066667 0.100000 0.133333 0.166667 0.200000 0.233333 0.266667 0.300000 0.333333 0.366667 0.400000 0.433333 0.466667 0.500000
0.533333 0.566667 0.600000 0.633333 0.666667 0.700000 0.733333 0.766667 0.800000 0.833333 0.866667 0.900000 0.933333 0.966667 1.000000 1.033333
1.066667 1.100000 1.133333 1.166667</float_array>
        <technique_common>
          <accessor source="#mixamorig_Spine2-Matrix-animation-input-array" count="36">
            <param name="TIME" type="float"/>
          </accessor>
        </technique_common>
      </source>
      <source id="mixamorig_Spine2-Matrix-animation-output-transform">
        <float_array id="mixamorig_Spine2-Matrix-animation-output-transform-array" count="576">

0.999794 0.007029 -0.019056 0.000000 -0.009891 0.987939 -0.154525 8.141900 0.017740 0.154682 0.987805 0.000000 0.000000 0.000000 0.000000 1.000000
0.999722 0.011281 -0.020726 0.000000 -0.014336 0.988010 -0.153724 8.141900 0.018743 0.153979 0.987896 0.000000 0.000000 0.000000 0.000000 1.000000
0.999638 0.014475 -0.022686 0.000000 -0.017761 0.988205 -0.152105 8.141900 0.020217 0.152453 0.988104 0.000000 0.000000 0.000000 0.000000 1.000000
0.999587 0.015883 -0.023951 0.000000 -0.019307 0.988456 -0.150272 8.141900 0.021287 0.150673 0.988354 0.000000 0.000000 0.000000 0.000000 1.000000
0.999593 0.015325 -0.024071 0.000000 -0.018743 0.988678 -0.148874 8.141900 0.021517 0.149265 0.988563 0.000000 0.000000 0.000000 0.000000 1.000000
0.999645 0.013336 -0.023071 0.000000 -0.016612 0.988819 -0.148191 8.141900 0.020837 0.148522 0.988690 0.000000 0.000000 0.000000 0.000000 1.000000
0.999716 0.011214 -0.021004 0.000000 -0.014202 0.988889 -0.147973 8.141900 0.019111 0.148230 0.988768 -0.000000 0.000000 0.000000 0.000000 1.000000
0.999777 0.010448 -0.018334 -0.000000 -0.013047 0.988914 -0.147914 8.141900 0.016586 0.148121 0.988830 0.000000 0.000000 0.000000 0.000000 1.000000
0.999803 0.011563 -0.016150 0.000000 -0.013832 0.988841 -0.148329 8.141900 0.014255 0.148523 0.988806 -0.000000 0.000000 0.000000 0.000000 1.000000
0.999785 0.014006 -0.015311 0.000000 -0.016141 0.988616 -0.149594 8.141900 0.013041 0.149809 0.988629 0.000000 0.000000 0.000000 0.000000 1.000000
0.999730 0.016900 -0.015935 0.000000 -0.019112 0.988376 -0.150822 8.141900 0.013201 0.151086 0.988432 0.000000 0.000000 0.000000 0.000000 1.000000
0.999653 0.019464 -0.017766 0.000000 -0.021918 0.988374 -0.150455 8.141900 0.014631 0.150792 0.988457 0.000000 0.000000 0.000000 0.000000 1.000000
0.999573 0.021158 -0.020159 0.000000 -0.023921 0.988622 -0.148504 8.141900 0.016787 0.148923 0.988706 -0.000000 0.000000 0.000000 0.000000 1.000000
0.999523 0.021614 -0.022059 0.000000 -0.024622 0.988865 -0.146762 8.141900 0.018641 0.147235 0.988926 0.000000 0.000000 0.000000 0.000000 1.000000
0.999534 0.020784 -0.022372 -0.000000 -0.023843 0.988921 -0.146515 8.141900 0.019079 0.146980 0.988955 0.000000 0.000000 0.000000 0.000000 1.000000
0.999605 0.019288 -0.020438 0.000000 -0.022089 0.988873 -0.147114 8.141900 0.017373 0.147507 0.988908 -0.000000 0.000000 0.000000 0.000000 1.000000
0.999697 0.017859 -0.016962 0.000000 -0.020160 0.988940 -0.146936 8.141900 0.014150 0.147234 0.989001 0.000000 0.000000 0.000000 0.000000 1.000000
0.999762 0.016541 -0.014245 0.000000 -0.018437 0.989215 -0.145306 8.141900 0.011688 0.145534 0.989284 0.000000 0.000000 0.000000 0.000000 1.000000
0.999782 0.015263 -0.014280 0.000000 -0.017153 0.989534 -0.143274 8.141900 0.011944 0.143488 0.989580 0.000000 0.000000 0.000000 0.000000 1.000000
0.999752 0.014465 -0.016924 0.000000 -0.016728 0.989690 -0.142244 8.141900 0.014692 0.142492 0.989687 0.000000 0.000000 0.000000 0.000000 1.000000
0.999687 0.014452 -0.020424 0.000000 -0.017208 0.989724 -0.141950 8.141900 0.018162 0.142257 0.989663 0.000000 0.000000 0.000000 0.000000 1.000000
0.999621 0.015027 -0.023065 0.000000 -0.018137 0.989819 -0.141171 8.141900 0.020708 0.141536 0.989716 -0.000000 0.000000 0.000000 0.000000 1.000000
0.999583 0.015724 -0.024207 0.000000 -0.018965 0.989956 -0.140096 8.141900 0.021761 0.140497 0.989842 0.000000 0.000000 0.000000 0.000000 1.000000
0.999583 0.015890 -0.024112 -0.000000 -0.019113 0.989974 -0.139953 8.141900 0.021647 0.140356 0.989864 0.000000 0.000000 0.000000 0.000000 1.000000
0.999621 0.014963 -0.023120 -0.000000 -0.018075 0.989866 -0.140847 8.141900 0.020778 0.141212 0.989761 0.000000 0.000000 0.000000 0.000000 1.000000
0.999687 0.012786 -0.021503 0.000000 -0.015708 0.989780 -0.141733 8.141900 0.019471 0.142026 0.989671 0.000000 0.000000 0.000000 0.000000 1.000000
0.999753 0.009870 -0.019928 0.000000 -0.012608 0.989738 -0.142337 8.141900 0.018319 0.142553 0.989618 0.000000 0.000000 0.000000 0.000000 1.000000
0.999789 0.007724 -0.019036 0.000000 -0.010381 0.989564 -0.143719 8.141900 0.017727 0.143886 0.989435 0.000000 0.000000 0.000000 0.000000 1.000000
0.999791 0.007735 -0.018925 0.000000 -0.010422 0.989186 -0.146297 8.141900 0.017589 0.146463 0.989060 0.000000 0.000000 0.000000 0.000000 1.000000
0.999761 0.009318 -0.019759 0.000000 -0.012149 0.988857 -0.148369 8.141900 0.018156 0.148574 0.988735 -0.000000 0.000000 0.000000 0.000000 1.000000
0.999705 0.010663 -0.021842 0.000000 -0.013785 0.988865 -0.148175 8.141900 0.020019 0.148432 0.988720 -0.000000 0.000000 0.000000 0.000000 1.000000
0.999643 0.010845 -0.024410 0.000000 -0.014311 0.989088 -0.146628 8.141900 0.022554 0.146925 0.988890 0.000000 0.000000 0.000000 0.000000 1.000000
0.999623 0.010085 -0.025532 -0.000000 -0.013718 0.989132 -0.146389 8.141900 0.023778 0.146684 0.988898 0.000000 0.000000 0.000000 0.000000 1.000000
0.999669 0.008902 -0.024119 0.000000 -0.012392 0.988808 -0.148678 8.141900 0.022526 0.148928 0.988591 0.000000 0.000000 0.000000 0.000000 1.000000
0.999744 0.007755 -0.021258 -0.000000 -0.010901 0.988299 -0.152141 8.141900 0.019830 0.152334 0.988130 -0.000000 0.000000 0.000000 0.000000 1.000000
0.999794 0.007029 -0.019056 0.000000 -0.009891 0.987939 -0.154525 8.141900 0.017740 0.154682 0.987805 0.000000 0.000000 0.000000 0.000000 1.000000</float_array>
        <technique_common>
          <accessor source="#mixamorig_Spine2-Matrix-animation-output-transform-array" count="36" stride="16">
            <param type="float4x4"/>
          </accessor>
        </technique_common>
      </source>
      <source id="mixamorig_Spine2-Interpolations">
        <Name_array id="mixamorig_Spine2-Interpolations-array" count="36">
 LINEAR LINEAR LINEAR LINEAR LINEAR LINEAR LINEAR LINEAR LINEAR LINEAR LINEAR
LINEAR LINEAR LINEAR LINEAR LINEAR LINEAR LINEAR LINEAR LINEAR LINEAR LINEAR LINEAR
LINEAR LINEAR LINEAR LINEAR LINEAR LINEAR LINEAR LINEAR LINEAR LINEAR LINEAR LINEAR
LINEAR</Name_array>
        <technique_common>
          <accessor source="#mixamorig_Spine2-Interpolations-array" count="36">
            <param type="name"/>
          </accessor>
        </technique_common>
      </source>
      <sampler id="mixamorig_Spine2-Matrix-animation-transform">
        <input semantic="INPUT" source="#mixamorig_Spine2-Matrix-animation-input"/>
        <input semantic="OUTPUT" source="#mixamorig_Spine2-Matrix-animation-output-transform"/>
        <input semantic="INTERPOLATION" source="#mixamorig_Spine2-Interpolations"/>
      </sampler>
      <channel source="#mixamorig_Spine2-Matrix-animation-transform" target="mixamorig_Spine2/matrix"/>
    </animation>
    <animation id="mixamorig_Neck-anim" name="mixamorig_Neck">
      <source id="mixamorig_Neck-Matrix-animation-input">
        <float_array id="mixamorig_Neck-Matrix-animation-input-array" count="36">

0.000000 0.033333 0.066667 0.100000 0.133333 0.166667 0.200000 0.233333 0.266667 0.300000 0.333333 0.366667 0.400000 0.433333 0.466667 0.500000
0.533333 0.566667 0.600000 0.633333 0.666667 0.700000 0.733333 0.766667 0.800000 0.833333 0.866667 0.900000 0.933333 0.966667 1.000000 1.033333
1.066667 1.100000 1.133333 1.166667</float_array>
        <technique_common>
          <accessor source="#mixamorig_Neck-Matrix-animation-input-array" count="36">
            <param name="TIME" type="float"/>
          </accessor>
        </technique_common>
      </source>
      <source id="mixamorig_Neck-Matrix-animation-output-transform">
        <float_array id="mixamorig_Neck-Matrix-animation-output-transform-array" count="576">

0.999689 -0.024920 -0.000347 -0.112200 0.024515 0.980766 0.193639 18.919500 -0.004485 -0.193587 0.981073 -3.736100 0.000000 0.000000 0.000000 1.000000
0.999532 -0.030461 -0.002947 -0.112200 0.030472 0.981655 0.188215 18.919500 -0.002840 -0.188217 0.982123 -3.736100 0.000000 0.000000 0.000000 1.000000
0.999436 -0.033251 -0.004712 -0.112200 0.033551 0.982472 0.183369 18.919500 -0.001468 -0.183423 0.983033 -3.736100 0.000000 0.000000 0.000000 1.000000
0.999435 -0.033163 -0.005525 -0.112200 0.033616 0.983093 0.179994 18.919500 -0.000537 -0.180078 0.983652 -3.736100 0.000000 0.000000 0.000000 1.000000
0.999486 -0.031597 -0.005373 -0.112200 0.032049 0.983397 0.178613 18.919500 -0.000360 -0.178693 0.983905 -3.736100 0.000000 0.000000 0.000000 1.000000
0.999548 -0.029750 -0.004349 -0.112200 0.030049 0.983437 0.178742 18.919500 -0.001041 -0.178792 0.983886 -3.736100 0.000000 0.000000 0.000000 1.000000
0.999605 -0.027958 -0.002985 -0.112200 0.028040 0.983374 0.179412 18.919500 -0.002081 -0.179424 0.983770 -3.736100 0.000000 0.000000 0.000000 1.000000
0.999640 -0.026751 -0.002167 -0.112200 0.026702 0.983206 0.180537 18.919500 -0.002699 -0.180530 0.983566 -3.736100 0.000000 0.000000 0.000000 1.000000
0.999644 -0.026558 -0.002418 -0.112200 0.026553 0.982832 0.182580 18.919500 -0.002473 -0.182580 0.983188 -3.736100 0.000000 0.000000 0.000000 1.000000
0.999620 -0.027333 -0.003585 -0.112200 0.027526 0.982523 0.184096 18.919500 -0.001510 -0.184125 0.982902 -3.736100 0.000000 0.000000 0.000000 1.000000
0.999566 -0.029021 -0.005016 -0.112200 0.029450 0.982823 0.182187 18.919500 -0.000357 -0.182256 0.983251 -3.736100 0.000000 0.000000 0.000000 1.000000
0.999484 -0.031550 -0.005993 -0.112200 0.032112 0.983744 0.176685 18.919500 0.000322 -0.176786 0.984249 -3.736100 0.000000 0.000000 0.000000 1.000000
0.999383 -0.034572 -0.006266 -0.112200 0.035134 0.984632 0.171072 18.919500 0.000256 -0.171186 0.985239 -3.736100 0.000000 0.000000 0.000000 1.000000
0.999288 -0.037253 -0.006033 -0.112200 0.037737 0.985011 0.168311 18.919500 -0.000327 -0.168419 0.985715 -3.736100 0.000000 0.000000 0.000000 1.000000
0.999242 -0.038516 -0.005634 -0.112200 0.038914 0.985019 0.167995 18.919500 -0.000921 -0.168087 0.985772 -3.736100 0.000000 0.000000 0.000000 1.000000
0.999253 -0.038241 -0.005579 -0.112200 0.038634 0.984967 0.168365 18.919500 -0.000943 -0.168455 0.985709 -3.736100 0.000000 0.000000 0.000000 1.000000
0.999270 -0.037690 -0.006233 -0.112200 0.038201 0.984824 0.169300 18.919500 -0.000243 -0.169415 0.985545 -3.736100 0.000000 0.000000 0.000000 1.000000
0.999256 -0.037891 -0.007174 -0.112200 0.038560 0.984394 0.171702 18.919500 0.000556 -0.171851 0.985123 -3.736100 0.000000 0.000000 0.000000 1.000000
0.999231 -0.038474 -0.007584 -0.112200 0.039207 0.983884 0.174456 18.919500 0.000749 -0.174619 0.984636 -3.736100 0.000000 0.000000 0.000000 1.000000
0.999238 -0.038352 -0.007218 -0.112200 0.039024 0.983879 0.174528 18.919500 0.000408 -0.174677 0.984626 -3.736100 0.000000 0.000000 0.000000 1.000000
0.999293 -0.037022 -0.006556 -0.112200 0.037598 0.984557 0.170980 18.919500 0.000124 -0.171106 0.985253 -3.736100 0.000000 0.000000 0.000000 1.000000
0.999343 -0.035677 -0.006302 -0.112200 0.036229 0.985371 0.166528 18.919500 0.000269 -0.166647 0.986017 -3.736100 0.000000 0.000000 0.000000 1.000000
0.999324 -0.036141 -0.006666 -0.112200 0.036745 0.985698 0.164465 18.919500 0.000627 -0.164599 0.986360 -3.736100 0.000000 0.000000 0.000000 1.000000
0.999263 -0.037765 -0.006906 -0.112200 0.038388 0.985461 0.165509 18.919500 0.000555 -0.165652 0.986184 -3.736100 0.000000 0.000000 0.000000 1.000000
0.999279 -0.037474 -0.006054 -0.112200 0.037958 0.985104 0.167719 18.919500 -0.000321 -0.167827 0.985816 -3.736100 0.000000 0.000000 0.000000 1.000000
0.999420 -0.033805 -0.004046 -0.112200 0.034003 0.985003 0.169152 18.919500 -0.001733 -0.169192 0.985582 -3.736100 0.000000 0.000000 0.000000 1.000000
0.999588 -0.028646 -0.001739 -0.112200 0.028524 0.984993 0.170220 18.919500 -0.003164 -0.170199 0.985405 -3.736100 0.000000 0.000000 0.000000 1.000000
0.999688 -0.024965 -0.000215 -0.112200 0.024630 0.984784 0.172028 18.919500 -0.004083 -0.171980 0.985092 -3.736100 0.000000 0.000000 0.000000 1.000000
0.999710 -0.024091 -0.000028 -0.112200 0.023732 0.984619 0.173097 18.919500 -0.004142 -0.173047 0.984905 -3.736100 0.000000 0.000000 0.000000 1.000000
0.999698 -0.024562 -0.000573 -0.112200 0.024300 0.985033 0.170647 18.919500 -0.003627 -0.170610 0.985332 -3.736100 0.000000 0.000000 0.000000 1.000000
0.999710 -0.024087 -0.000653 -0.112200 0.023864 0.985990 0.165087 18.919500 -0.003333 -0.165055 0.986279 -3.736100 0.000000 0.000000 0.000000 1.000000
0.999747 -0.022511 0.000092 -0.112200 0.022202 0.986704 0.161005 18.919500 -0.003715 -0.160962 0.986954 -3.736100 0.000000 0.000000 0.000000 1.000000
0.999767 -0.021576 0.000874 -0.112200 0.021143 0.986323 0.163462 18.919500 -0.004389 -0.163405 0.986549 -3.736100 0.000000 0.000000 0.000000 1.000000
0.999751 -0.022277 0.000895 -0.112200 0.021785 0.984648 0.173188 18.919500 -0.004740 -0.173126 0.984888 -3.736100 0.000000 0.000000 0.000000 1.000000
0.999716 -0.023841 0.000262 -0.112200 0.023379 0.982384 0.185406 18.919500 -0.004678 -0.185347 0.982662 -3.736100 0.000000 0.000000 0.000000 1.000000
0.999689 -0.024920 -0.000347 -0.112200 0.024515 0.980766 0.193639 18.919500 -0.004485 -0.193587 0.981073 -3.736100 0.000000 0.000000 0.000000 1.000000</float_array>
        <technique_common>
          <accessor source="#mixamorig_Neck-Matrix-animation-output-transform-array" count="36" stride="16">
            <param type="float4x4"/>
          </accessor>
        </technique_common>
      </source>
      <source id="mixamorig_Neck-Interpolations">
        <Name_array id="mixamorig_Neck-Interpolations-array" count="36">
 LINEAR LINEAR LINEAR LINEAR LINEAR LINEAR LINEAR LINEAR LINEAR LINEAR LINEAR
LINEAR LINEAR LINEAR LINEAR LINEAR LINEAR LINEAR LINEAR LINEAR LINEAR LINEAR LINEAR
LINEAR LINEAR LINEAR LINEAR LINEAR LINEAR LINEAR LINEAR LINEAR LINEAR LINEAR LINEAR
LINEAR</Name_array>
        <technique_common>
          <accessor source="#mixamorig_Neck-Interpolations-array" count="36">
            <param type="name"/>
          </accessor>
        </technique_common>
      </source>
      <sampler id="mixamorig_Neck-Matrix-animation-transform">
        <input semantic="INPUT" source="#mixamorig_Neck-Matrix-animation-input"/>
        <input semantic="OUTPUT" source="#mixamorig_Neck-Matrix-animation-output-transform"/>
        <input semantic="INTERPOLATION" source="#mixamorig_Neck-Interpolations"/>
      </sampler>
      <channel source="#mixamorig_Neck-Matrix-animation-transform" target="mixamorig_Neck/matrix"/>
    </animation>
    <animation id="mixamorig_Head-anim" name="mixamorig_Head">
      <source id="mixamorig_Head-Matrix-animation-input">
        <float_array id="mixamorig_Head-Matrix-animation-input-array" count="36">

0.000000 0.033333 0.066667 0.100000 0.133333 0.166667 0.200000 0.233333 0.266667 0.300000 0.333333 0.366667 0.400000 0.433333 0.466667 0.500000
0.533333 0.566667 0.600000 0.633333 0.666667 0.700000 0.733333 0.766667 0.800000 0.833333 0.866667 0.900000 0.933333 0.966667 1.000000 1.033333
1.066667 1.100000 1.133333 1.166667</float_array>
        <technique_common>
          <accessor source="#mixamorig_Head-Matrix-animation-input-array" count="36">
            <param name="TIME" type="float"/>
          </accessor>
        </technique_common>
      </source>
      <source id="mixamorig_Head-Matrix-animation-output-transform">
        <float_array id="mixamorig_Head-Matrix-animation-output-transform-array" count="576">

0.996381 -0.077655 0.034566 0.000000 0.073536 0.991463 0.107677 8.673000 -0.042633 -0.104746 0.993585 3.319300 0.000000 0.000000 0.000000 1.000000
0.996522 -0.077457 0.030721 0.000000 0.073800 0.991602 0.106207 8.673000 -0.038689 -0.103570 0.993869 3.319300 0.000000 0.000000 0.000000 1.000000
0.996600 -0.077986 0.026568 -0.000000 0.074979 0.992177 0.099817 8.673000 -0.034145 -0.097485 0.994651 3.319300 0.000000 0.000000 0.000000 1.000000
0.996777 -0.076990 0.022522 0.000000 0.074584 0.992860 0.093090 8.673000 -0.029529 -0.091110 0.995403 3.319300 0.000000 0.000000 0.000000 1.000000
