<?xml version="1.0" encoding="utf-8"?>
<COLLADA xmlns="http://www.collada.org/2005/11/COLLADASchema" version="1.4.1">
  <asset>
    <contributor>
      <author>Mixamo</author>
      <authoring_tool>COLLADA Mixamo exporter</authoring_tool>
      <comments/>
    </contributor>
    <created>2024-08-22T03:16:20Z</created>
    <modified>2024-08-22T03:16:20Z</modified>
    <revision/>
    <title/>
    <unit meter="0.010000"/>
    <up_axis>Y_UP</up_axis>
  </asset>
  <library_animations>
    <animation id="mixamorig_Hips-anim" name="mixamorig_Hips">
      <source id="mixamorig_Hips-Matrix-animation-input">
        <float_array id="mixamorig_Hips-Matrix-animation-input-array" count="76">

0.000000 0.033333 0.066667 0.100000 0.133333 0.166667 0.200000 0.233333 0.266667 0.300000 0.333333 0.366667 0.400000 0.433333 0.466667 0.500000
0.533333 0.566667 0.600000 0.633333 0.666667 0.700000 0.733333 0.766667 0.800000 0.833333 0.866667 0.900000 0.933333 0.966667 1.000000 1.033333
1.066667 1.100000 1.133333 1.166667 1.200000 1.233333 1.266667 1.300000 1.333333 1.366667 1.400000 1.433333 1.466667 1.500000 1.533333 1.566667
1.600000 1.633333 1.666667 1.700000 1.733333 1.766667 1.800000 1.833333 1.866667 1.900000 1.933333 1.966667 2.000000 2.033333 2.066667 2.100000
2.133333 2.166667 2.200000 2.233333 2.266667 2.300000 2.333333 2.366667 2.400000 2.433333 2.466667 2.500000</float_array>
        <technique_common>
          <accessor source="#mixamorig_Hips-Matrix-animation-input-array" count="76">
            <param name="TIME" type="float"/>
          </accessor>
        </technique_common>
      </source>
      <source id="mixamorig_Hips-Matrix-animation-output-transform">
        <float_array id="mixamorig_Hips-Matrix-animation-output-transform-array" count="1216">

0.890293 -0.014040 -0.455172 -0.730747 0.004935 0.999763 -0.021186 99.809090 0.455362 0.016616 0.890151 0.938386 0.000000 0.000000 0.000000 1.000000
0.890389 -0.013840 -0.454990 -0.730455 0.004707 0.999764 -0.021200 99.811020 0.455176 0.016735 0.890244 0.933597 0.000000 0.000000 0.000000 1.000000
0.890485 -0.013633 -0.454808 -0.731705 0.004471 0.999765 -0.021214 99.812859 0.454991 0.016857 0.890337 0.929138 0.000000 0.000000 0.000000 1.000000
0.890580 -0.013531 -0.454626 -0.732915 0.004353 0.999765 -0.021228 99.814293 0.454806 0.016926 0.890429 0.922639 0.000000 0.000000 0.000000 1.000000
0.890694 -0.013439 -0.454404 -0.736119 0.004261 0.999766 -0.021215 99.814919 0.454583 0.016960 0.890543 0.912431 0.000000 0.000000 0.000000 1.000000
0.890848 -0.013313 -0.454106 -0.741802 0.004133 0.999767 -0.021204 99.813400 0.454282 0.017013 0.890695 0.897514 0.000000 0.000000 0.000000 1.000000
0.891041 -0.013289 -0.453727 -0.748090 0.004009 0.999763 -0.021408 99.808945 0.453904 0.017256 0.890883 0.877311 0.000000 0.000000 0.000000 1.000000
0.891289 -0.013406 -0.453238 -0.753082 0.003958 0.999755 -0.021786 99.802216 0.453419 0.017624 0.891123 0.851873 0.000000 0.000000 0.000000 1.000000
0.891626 -0.013573 -0.452569 -0.755560 0.003920 0.999745 -0.022260 99.793686 0.452755 0.018074 0.891452 0.823102 0.000000 0.000000 0.000000 1.000000
0.892048 -0.013610 -0.451736 -0.753391 0.003759 0.999735 -0.022698 99.782990 0.451925 0.018550 0.891863 0.795528 0.000000 0.000000 0.000000 1.000000
0.892438 -0.013396 -0.450971 -0.743299 0.003391 0.999730 -0.022986 99.769745 0.451157 0.018984 0.892243 0.773287 0.000000 0.000000 0.000000 1.000000
0.892659 -0.012945 -0.450547 -0.724762 0.002832 0.999729 -0.023114 99.754982 0.450724 0.019357 0.892453 0.757217 0.000000 0.000000 0.000000 1.000000
0.892668 -0.012415 -0.450544 -0.701169 0.002213 0.999729 -0.023163 99.740440 0.450710 0.019680 0.892454 0.744759 0.000000 0.000000 0.000000 1.000000
0.892536 -0.012008 -0.450816 -0.675446 0.001753 0.999730 -0.023158 99.727859 0.450972 0.019879 0.892317 0.733265 0.000000 0.000000 0.000000 1.000000
0.892406 -0.011784 -0.451080 -0.648712 0.001547 0.999733 -0.023056 99.719757 0.451232 0.019878 0.892186 0.723252 0.000000 0.000000 0.000000 1.000000
0.892398 -0.011593 -0.451099 -0.624167 0.001439 0.999738 -0.022847 99.717728 0.451246 0.019739 0.892181 0.716758 0.000000 0.000000 0.000000 1.000000
0.892495 -0.011280 -0.450916 -0.604402 0.001252 0.999745 -0.022531 99.721954 0.451056 0.019544 0.892282 0.713426 0.000000 0.000000 0.000000 1.000000
0.892552 -0.010908 -0.450813 -0.587270 0.001099 0.999757 -0.022014 99.731041 0.450943 0.019153 0.892347 0.710437 0.000000 0.000000 0.000000 1.000000
0.892467 -0.010683 -0.450987 -0.569486 0.001216 0.999773 -0.021276 99.743225 0.451112 0.018440 0.892277 0.705264 0.000000 0.000000 0.000000 1.000000
0.892285 -0.010598 -0.451349 -0.550820 0.001552 0.999791 -0.020409 99.756477 0.451471 0.017510 0.892114 0.697274 0.000000 0.000000 0.000000 1.000000
0.892122 -0.010479 -0.451673 -0.532441 0.001821 0.999806 -0.019598 99.768303 0.451791 0.016661 0.891968 0.687311 0.000000 0.000000 0.000000 1.000000
0.892027 -0.010270 -0.451865 -0.515461 0.001869 0.999817 -0.019034 99.776901 0.451978 0.016134 0.891883 0.675518 0.000000 0.000000 0.000000 1.000000
0.891957 -0.009982 -0.452009 -0.499932 0.001708 0.999824 -0.018708 99.781670 0.452116 0.015915 0.891817 0.660443 0.000000 0.000000 0.000000 1.000000
0.891829 -0.009515 -0.452273 -0.484121 0.001346 0.999830 -0.018379 99.782402 0.452371 0.015782 0.891690 0.641159 0.000000 0.000000 0.000000 1.000000
0.891583 -0.008830 -0.452771 -0.466038 0.000820 0.999840 -0.017884 99.778549 0.452856 0.015574 0.891447 0.619486 0.000000 0.000000 0.000000 1.000000
0.891275 -0.008139 -0.453389 -0.446378 0.000255 0.999848 -0.017447 99.771347 0.453462 0.015435 0.891142 0.600071 0.000000 0.000000 0.000000 1.000000
0.891066 -0.007654 -0.453808 -0.429701 -0.000296 0.999848 -0.017445 99.762253 0.453873 0.015679 0.890929 0.588377 0.000000 0.000000 0.000000 1.000000
0.891092 -0.007397 -0.453763 -0.420806 -0.000882 0.999837 -0.018031 99.751877 0.453822 0.016467 0.890940 0.587465 0.000000 0.000000 0.000000 1.000000
0.891358 -0.007337 -0.453240 -0.422011 -0.001494 0.999816 -0.019122 99.740372 0.453297 0.017722 0.891184 0.597131 0.000000 0.000000 0.000000 1.000000
0.891773 -0.007462 -0.452421 -0.432614 -0.002024 0.999788 -0.020479 99.729050 0.452478 0.019178 0.891569 0.615456 0.000000 0.000000 0.000000 1.000000
0.892219 -0.007669 -0.451537 -0.449698 -0.002400 0.999761 -0.021722 99.720726 0.451596 0.020464 0.891988 0.639986 0.000000 0.000000 0.000000 1.000000
0.892566 -0.007811 -0.450849 -0.469487 -0.002615 0.999743 -0.022497 99.718567 0.450909 0.021259 0.892317 0.666991 0.000000 0.000000 0.000000 1.000000
0.892714 -0.007893 -0.450555 -0.488879 -0.002619 0.999739 -0.022705 99.723343 0.450616 0.021449 0.892460 0.692284 0.000000 0.000000 0.000000 1.000000
0.892704 -0.007968 -0.450573 -0.506670 -0.002463 0.999742 -0.022559 99.732788 0.450637 0.021249 0.892455 0.714711 0.000000 0.000000 0.000000 1.000000
0.892685 -0.008145 -0.450607 -0.523788 -0.002196 0.999746 -0.022421 99.742973 0.450676 0.021004 0.892441 0.736167 0.000000 0.000000 0.000000 1.000000
0.892764 -0.008457 -0.450445 -0.541398 -0.001900 0.999744 -0.022536 99.750916 0.450521 0.020975 0.892520 0.757223 0.000000 0.000000 0.000000 1.000000
0.892851 -0.008983 -0.450263 -0.558158 -0.001483 0.999737 -0.022887 99.755234 0.450350 0.021103 0.892603 0.775368 0.000000 0.000000 0.000000 1.000000
0.892858 -0.009680 -0.450233 -0.571099 -0.000927 0.999727 -0.023334 99.755707 0.450337 0.021251 0.892606 0.789164 0.000000 0.000000 0.000000 1.000000
0.892849 -0.010333 -0.450237 -0.579802 -0.000442 0.999716 -0.023819 99.752510 0.450355 0.021466 0.892592 0.801388 0.000000 0.000000 0.000000 1.000000
0.892925 -0.010781 -0.450077 -0.586673 -0.000202 0.999704 -0.024347 99.746399 0.450206 0.021831 0.892658 0.814852 0.000000 0.000000 0.000000 1.000000
0.892996 -0.011091 -0.449927 -0.593459 -0.000096 0.999692 -0.024834 99.738953 0.450064 0.022220 0.892720 0.827929 0.000000 0.000000 0.000000 1.000000
0.892909 -0.011329 -0.450094 -0.599707 0.000017 0.999684 -0.025129 99.732399 0.450237 0.022430 0.892627 0.838114 0.000000 0.000000 0.000000 1.000000
0.892658 -0.011600 -0.450585 -0.605153 0.000254 0.999682 -0.025233 99.727234 0.450734 0.022410 0.892377 0.846733 0.000000 0.000000 0.000000 1.000000
0.892357 -0.011925 -0.451173 -0.611235 0.000567 0.999680 -0.025301 99.722404 0.451331 0.022321 0.892078 0.856616 0.000000 0.000000 0.000000 1.000000
0.892061 -0.012348 -0.451746 -0.619851 0.001006 0.999678 -0.025338 99.718613 0.451914 0.022148 0.891787 0.868105 0.000000 0.000000 0.000000 1.000000
0.891738 -0.012910 -0.452367 -0.630790 0.001614 0.999677 -0.025346 99.718765 0.452549 0.021872 0.891471 0.879112 0.000000 0.000000 0.000000 1.000000
0.891376 -0.013517 -0.453064 -0.642249 0.002284 0.999677 -0.025331 99.724350 0.453260 0.021545 0.891118 0.889094 0.000000 0.000000 0.000000 1.000000
0.891041 -0.014021 -0.453705 -0.653382 0.002851 0.999676 -0.025296 99.733810 0.453913 0.021246 0.890793 0.899929 0.000000 0.000000 0.000000 1.000000
0.890809 -0.014366 -0.454151 -0.665161 0.003251 0.999676 -0.025244 99.743813 0.454367 0.021011 0.890567 0.914345 0.000000 0.000000 0.000000 1.000000
0.890684 -0.014599 -0.454388 -0.677807 0.003558 0.999678 -0.025143 99.752747 0.454608 0.020778 0.890449 0.934751 0.000000 0.000000 0.000000 1.000000
0.890660 -0.014822 -0.454429 -0.688986 0.003930 0.999682 -0.024903 99.761253 0.454653 0.020395 0.890435 0.961996 0.000000 0.000000 0.000000 1.000000
0.890791 -0.015122 -0.454162 -0.697111 0.004470 0.999689 -0.024519 99.770477 0.454392 0.019811 0.890581 0.994375 0.000000 0.000000 0.000000 1.000000
0.891139 -0.015447 -0.453468 -0.706091 0.005035 0.999695 -0.024160 99.780617 0.453703 0.019247 0.890945 1.028466 0.000000 0.000000 0.000000 1.000000
0.891643 -0.015671 -0.452468 -0.722411 0.005345 0.999695 -0.024092 99.789948 0.452707 0.019063 0.891455 1.060554 0.000000 0.000000 0.000000 1.000000
0.892118 -0.015761 -0.451528 -0.748044 0.005306 0.999688 -0.024413 99.795914 0.451772 0.019384 0.891923 1.087342 0.000000 0.000000 0.000000 1.000000
0.892425 -0.015736 -0.450921 -0.778755 0.005009 0.999676 -0.024972 99.798218 0.451167 0.020027 0.892215 1.107289 0.000000 0.000000 0.000000 1.000000
0.892569 -0.015547 -0.450643 -0.808126 0.004508 0.999663 -0.025561 99.798889 0.450889 0.020783 0.892338 1.120924 0.000000 0.000000 0.000000 1.000000
0.892583 -0.015124 -0.450630 -0.831551 0.003808 0.999654 -0.026008 99.799850 0.450868 0.021498 0.892332 1.128429 0.000000 0.000000 0.000000 1.000000
0.892476 -0.014431 -0.450865 -0.847319 0.002984 0.999655 -0.026090 99.802155 0.451086 0.021940 0.892211 1.130257 0.000000 0.000000 0.000000 1.000000
0.892287 -0.013517 -0.451266 -0.856732 0.002168 0.999668 -0.025656 99.806816 0.451463 0.021914 0.892020 1.129662 0.000000 0.000000 0.000000 1.000000
0.892108 -0.012568 -0.451648 -0.861985 0.001504 0.999690 -0.024846 99.813416 0.451820 0.021486 0.891850 1.130540 0.000000 0.000000 0.000000 1.000000
0.891993 -0.011839 -0.451894 -0.864011 0.001096 0.999711 -0.024028 99.819794 0.452047 0.020937 0.891748 1.132455 0.000000 0.000000 0.000000 1.000000
0.891915 -0.011504 -0.452056 -0.862886 0.000983 0.999723 -0.023502 99.822487 0.452201 0.020517 0.891680 1.130529 0.000000 0.000000 0.000000 1.000000
0.891821 -0.011472 -0.452242 -0.858363 0.001028 0.999727 -0.023334 99.820427 0.452386 0.020345 0.891590 1.120813 0.000000 0.000000 0.000000 1.000000
0.891702 -0.011569 -0.452475 -0.849437 0.001133 0.999727 -0.023328 99.815826 0.452621 0.020289 0.891472 1.104944 0.000000 0.000000 0.000000 1.000000
0.891594 -0.011717 -0.452684 -0.834335 0.001290 0.999727 -0.023334 99.812126 0.452833 0.020221 0.891366 1.088299 0.000000 0.000000 0.000000 1.000000
0.891536 -0.011990 -0.452790 -0.813378 0.001653 0.999729 -0.023218 99.810921 0.452946 0.019951 0.891315 1.074392 0.000000 0.000000 0.000000 1.000000
0.891527 -0.012489 -0.452796 -0.791741 0.002313 0.999732 -0.023019 99.811401 0.452962 0.019475 0.891317 1.061337 0.000000 0.000000 0.000000 1.000000
0.891583 -0.013194 -0.452665 -0.775197 0.003161 0.999732 -0.022914 99.811707 0.452847 0.018999 0.891386 1.045155 0.000000 0.000000 0.000000 1.000000
0.891677 -0.013846 -0.452461 -0.764587 0.003904 0.999730 -0.022899 99.810684 0.452655 0.018653 0.891490 1.025638 0.000000 0.000000 0.000000 1.000000
0.891757 -0.014190 -0.452291 -0.756333 0.004293 0.999729 -0.022902 99.809036 0.452494 0.018481 0.891576 1.005992 0.000000 0.000000 0.000000 1.000000
0.891740 -0.014223 -0.452324 -0.747952 0.004347 0.999729 -0.022866 99.807999 0.452527 0.018424 0.891560 0.988841 0.000000 0.000000 0.000000 1.000000
0.891535 -0.014128 -0.452731 -0.740383 0.004311 0.999733 -0.022709 99.808167 0.452931 0.018294 0.891358 0.973927 0.000000 0.000000 0.000000 1.000000
0.891145 -0.014028 -0.453501 -0.735200 0.004335 0.999740 -0.022406 99.808258 0.453697 0.018001 0.890974 0.959578 0.000000 0.000000 0.000000 1.000000
0.890690 -0.014038 -0.454395 -0.732392 0.004569 0.999749 -0.021931 99.807884 0.454589 0.017458 0.890530 0.946358 0.000000 0.000000 0.000000 1.000000
0.890293 -0.014040 -0.455172 -0.730743 0.004934 0.999763 -0.021186 99.809082 0.455362 0.016616 0.890151 0.938391 0.000000 0.000000 0.000000 1.000000</float_array>
        <technique_common>
          <accessor source="#mixamorig_Hips-Matrix-animation-output-transform-array" count="76" stride="16">
            <param type="float4x4"/>
          </accessor>
        </technique_common>
      </source>
      <source id="mixamorig_Hips-Interpolations">
        <Name_array id="mixamorig_Hips-Interpolations-array" count="76">
 LINEAR LINEAR LINEAR LINEAR LINEAR LINEAR LINEAR LINEAR LINEAR LINEAR LINEAR
LINEAR LINEAR LINEAR LINEAR LINEAR LINEAR LINEAR LINEAR LINEAR LINEAR LINEAR LINEAR
LINEAR LINEAR LINEAR LINEAR LINEAR LINEAR LINEAR LINEAR LINEAR LINEAR LINEAR LINEAR
LINEAR LINEAR LINEAR LINEAR LINEAR LINEAR LINEAR LINEAR LINEAR LINEAR LINEAR LINEAR
LINEAR LINEAR LINEAR LINEAR LINEAR LINEAR LINEAR LINEAR LINEAR LINEAR LINEAR LINEAR
LINEAR LINEAR LINEAR LINEAR LINEAR LINEAR LINEAR LINEAR LINEAR LINEAR LINEAR LINEAR
LINEAR LINEAR LINEAR LINEAR LINEAR</Name_array>
        <technique_common>
          <accessor source="#mixamorig_Hips-Interpolations-array" count="76">
            <param type="name"/>
          </accessor>
        </technique_common>
      </source>
      <sampler id="mixamorig_Hips-Matrix-animation-transform">
        <input semantic="INPUT" source="#mixamorig_Hips-Matrix-animation-input"/>
        <input semantic="OUTPUT" source="#mixamorig_Hips-Matrix-animation-output-transform"/>
        <input semantic="INTERPOLATION" source="#mixamorig_Hips-Interpolations"/>
      </sampler>
      <channel source="#mixamorig_Hips-Matrix-animation-transform" target="mixamorig_Hips/matrix"/>
    </animation>
    <animation id="mixamorig_Spine-anim" name="mixamorig_Spine">
      <source id="mixamorig_Spine-Matrix-animation-input">
        <float_array id="mixamorig_Spine-Matrix-animation-input-array" count="76">

0.000000 0.033333 0.066667 0.100000 0.133333 0.166667 0.200000 0.233333 0.266667 0.300000 0.333333 0.366667 0.400000 0.433333 0.466667 0.500000
0.533333 0.566667 0.600000 0.633333 0.666667 0.700000 0.733333 0.766667 0.800000 0.833333 0.866667 0.900000 0.933333 0.966667 1.000000 1.033333
1.066667 1.100000 1.133333 1.166667 1.200000 1.233333 1.266667 1.300000 1.333333 1.366667 1.400000 1.433333 1.466667 1.500000 1.533333 1.566667
1.600000 1.633333 1.666667 1.700000 1.733333 1.766667 1.800000 1.833333 1.866667 1.900000 1.933333 1.966667 2.000000 2.033333 2.066667 2.100000
2.133333 2.166667 2.200000 2.233333 2.266667 2.300000 2.333333 2.366667 2.400000 2.433333 2.466667 2.500000</float_array>
        <technique_common>
          <accessor source="#mixamorig_Spine-Matrix-animation-input-array" count="76">
            <param name="TIME" type="float"/>
          </accessor>
        </technique_common>
      </source>
      <source id="mixamorig_Spine-Matrix-animation-output-transform">
        <float_array id="mixamorig_Spine-Matrix-animation-output-transform-array" count="1216">

0.999267 -0.014253 -0.035542 0.004700 0.014229 0.999898 -0.000930 5.245300 0.035552 0.000424 0.999368 0.258800 0.000000 0.000000 0.000000 1.000000
0.999266 -0.014270 -0.035542 0.004700 0.014253 0.999898 -0.000731 5.245300 0.035549 0.000224 0.999368 0.258800 0.000000 0.000000 0.000000 1.000000
0.999269 -0.014300 -0.035457 0.004700 0.014291 0.999898 -0.000495 5.245300 0.035460 -0.000012 0.999371 0.258800 0.000000 0.000000 0.000000 1.000000
0.999266 -0.014516 -0.035449 0.004700 0.014516 0.999895 -0.000237 5.245300 0.035449 -0.000278 0.999371 0.258800 0.000000 0.000000 0.000000 1.000000
0.999262 -0.014736 -0.035482 0.004700 0.014747 0.999891 0.000047 5.245300 0.035478 -0.000570 0.999370 0.258800 0.000000 0.000000 0.000000 1.000000
0.999257 -0.014926 -0.035531 0.004700 0.014948 0.999888 0.000334 5.245300 0.035522 -0.000865 0.999369 0.258800 0.000000 0.000000 0.000000 1.000000
0.999255 -0.015043 -0.035552 0.004700 0.015073 0.999886 0.000569 5.245300 0.035539 -0.001105 0.999368 0.258800 0.000000 0.000000 0.000000 1.000000
0.999257 -0.015039 -0.035486 0.004700 0.015073 0.999886 0.000669 5.245300 0.035472 -0.001203 0.999370 0.258800 0.000000 0.000000 0.000000 1.000000
0.999267 -0.014887 -0.035277 0.004700 0.014915 0.999889 0.000550 5.245300 0.035265 -0.001076 0.999377 0.258800 0.000000 0.000000 0.000000 1.000000
0.999285 -0.014570 -0.034885 0.004700 0.014584 0.999894 0.000163 5.245300 0.034879 -0.000672 0.999391 0.258800 0.000000 0.000000 0.000000 1.000000
0.999312 -0.014099 -0.034307 0.004700 0.014091 0.999901 -0.000476 5.245300 0.034310 -0.000008 0.999411 0.258800 0.000000 0.000000 0.000000 1.000000
0.999345 -0.013511 -0.033573 0.004700 0.013475 0.999908 -0.001287 5.245300 0.033587 0.000834 0.999435 0.258800 0.000000 0.000000 0.000000 1.000000
0.999381 -0.012862 -0.032736 0.004700 0.012798 0.999916 -0.002156 5.245300 0.032761 0.001735 0.999462 0.258800 0.000000 0.000000 0.000000 1.000000
0.999417 -0.012213 -0.031867 0.004700 0.012124 0.999922 -0.002980 5.245300 0.031901 0.002592 0.999488 0.258800 0.000000 0.000000 0.000000 1.000000
0.999450 -0.011622 -0.031046 0.004700 0.011513 0.999927 -0.003699 5.245300 0.031087 0.003339 0.999511 0.258800 0.000000 0.000000 0.000000 1.000000
0.999477 -0.011135 -0.030362 0.004700 0.011010 0.999930 -0.004287 5.245300 0.030408 0.003950 0.999530 0.258800 0.000000 0.000000 0.000000 1.000000
0.999495 -0.010793 -0.029901 0.004700 0.010656 0.999932 -0.004736 5.245300 0.029950 0.004415 0.999542 0.258800 0.000000 0.000000 0.000000 1.000000
0.999502 -0.010631 -0.029726 0.004700 0.010486 0.999932 -0.005036 5.245300 0.029778 0.004722 0.999545 0.258800 0.000000 0.000000 0.000000 1.000000
0.999498 -0.010670 -0.029847 0.004700 0.010520 0.999931 -0.005175 5.245300 0.029900 0.004858 0.999541 0.258800 0.000000 0.000000 0.000000 1.000000
0.999484 -0.010905 -0.030202 0.004700 0.010754 0.999929 -0.005158 5.245300 0.030256 0.004831 0.999531 0.258800 0.000000 0.000000 0.000000 1.000000
0.999466 -0.011297 -0.030660 0.004700 0.011148 0.999925 -0.005023 5.245300 0.030715 0.004678 0.999517 0.258800 0.000000 0.000000 0.000000 1.000000
0.999448 -0.011772 -0.031052 0.004700 0.011627 0.999921 -0.004839 5.245300 0.031106 0.004476 0.999506 0.258800 0.000000 0.000000 0.000000 1.000000
0.999438 -0.012234 -0.031211 0.004700 0.012093 0.999916 -0.004700 5.245300 0.031266 0.004320 0.999502 0.258800 0.000000 0.000000 0.000000 1.000000
0.999439 -0.012590 -0.031019 0.004700 0.012450 0.999911 -0.004699 5.245300 0.031076 0.004310 0.999508 0.258800 0.000000 0.000000 0.000000 1.000000
0.999455 -0.012774 -0.030435 0.004700 0.012630 0.999908 -0.004906 5.245300 0.030494 0.004519 0.999525 0.258800 0.000000 0.000000 0.000000 1.000000
0.999483 -0.012753 -0.029502 0.004700 0.012600 0.999906 -0.005351 5.245300 0.029568 0.004977 0.999550 0.258800 0.000000 0.000000 0.000000 1.000000
0.999520 -0.012543 -0.028340 0.004700 0.012377 0.999905 -0.006017 5.245300 0.028413 0.005663 0.999580 0.258800 0.000000 0.000000 0.000000 1.000000
0.999558 -0.012202 -0.027112 0.004700 0.012020 0.999904 -0.006838 5.245300 0.027193 0.006509 0.999609 0.258800 0.000000 0.000000 0.000000 1.000000
0.999593 -0.011811 -0.025986 0.004700 0.011614 0.999903 -0.007708 5.245300 0.026074 0.007403 0.999633 0.258800 0.000000 0.000000 0.000000 1.000000
0.999619 -0.011452 -0.025102 0.004700 0.011242 0.999901 -0.008505 5.245300 0.025197 0.008219 0.999649 0.258800 0.000000 0.000000 0.000000 1.000000
0.999636 -0.011192 -0.024538 0.004700 0.010971 0.999898 -0.009112 5.245300 0.024637 0.008840 0.999657 0.258800 0.000000 0.000000 0.000000 1.000000
0.999644 -0.011066 -0.024295 0.004700 0.010839 0.999897 -0.009458 5.245300 0.024397 0.009192 0.999660 0.258800 0.000000 0.000000 0.000000 1.000000
0.999643 -0.011068 -0.024308 0.004700 0.010839 0.999896 -0.009531 5.245300 0.024411 0.009264 0.999659 0.258800 0.000000 0.000000 0.000000 1.000000
0.999638 -0.011162 -0.024477 0.004700 0.010936 0.999896 -0.009375 5.245300 0.024579 0.009104 0.999656 0.258800 0.000000 0.000000 0.000000 1.000000
0.999631 -0.011301 -0.024708 0.004700 0.011080 0.999898 -0.009060 5.245300 0.024808 0.008783 0.999654 0.258800 0.000000 0.000000 0.000000 1.000000
0.999623 -0.011444 -0.024938 0.004700 0.011231 0.999900 -0.008651 5.245300 0.025034 0.008368 0.999652 0.258800 0.000000 0.000000 0.000000 1.000000
0.999617 -0.011571 -0.025148 0.004700 0.011368 0.999902 -0.008196 5.245300 0.025240 0.007907 0.999650 0.258800 0.000000 0.000000 0.000000 1.000000
0.999610 -0.011678 -0.025348 0.004700 0.011485 0.999904 -0.007725 5.245300 0.025436 0.007431 0.999649 0.258800 0.000000 0.000000 0.000000 1.000000
0.999604 -0.011778 -0.025564 0.004700 0.011595 0.999906 -0.007266 5.245300 0.025647 0.006967 0.999647 0.258800 0.000000 0.000000 0.000000 1.000000
0.999596 -0.011893 -0.025819 0.004700 0.011720 0.999908 -0.006839 5.245300 0.025898 0.006534 0.999643 0.258800 0.000000 0.000000 0.000000 1.000000
0.999586 -0.012048 -0.026144 0.004700 0.011883 0.999909 -0.006448 5.245300 0.026219 0.006134 0.999637 0.258800 0.000000 0.000000 0.000000 1.000000
0.999572 -0.012267 -0.026568 0.004700 0.012110 0.999908 -0.006073 5.245300 0.026641 0.005748 0.999629 0.258800 0.000000 0.000000 0.000000 1.000000
0.999553 -0.012574 -0.027116 0.004700 0.012424 0.999907 -0.005682 5.245300 0.027185 0.005342 0.999616 0.258800 0.000000 0.000000 0.000000 1.000000
0.999529 -0.012992 -0.027800 0.004700 0.012851 0.999904 -0.005247 5.245300 0.027865 0.004887 0.999600 0.258800 0.000000 0.000000 0.000000 1.000000
0.999499 -0.013537 -0.028606 0.004700 0.013407 0.999899 -0.004756 5.245300 0.028668 0.004370 0.999579 0.258800 0.000000 0.000000 0.000000 1.000000
0.999464 -0.014202 -0.029493 0.004700 0.014083 0.999892 -0.004216 5.245300 0.029550 0.003799 0.999556 0.258800 0.000000 0.000000 0.000000 1.000000
0.999427 -0.014943 -0.030383 0.004700 0.014839 0.999883 -0.003659 5.245300 0.030434 0.003206 0.999532 0.258800 0.000000 0.000000 0.000000 1.000000
0.999391 -0.015674 -0.031169 0.004700 0.015584 0.999874 -0.003127 5.245300 0.031214 0.002639 0.999509 0.258800 0.000000 0.000000 0.000000 1.000000
0.999364 -0.016271 -0.031741 0.004700 0.016195 0.999865 -0.002664 5.245300 0.031780 0.002148 0.999493 0.258800 0.000000 0.000000 0.000000 1.000000
0.999350 -0.016597 -0.032013 0.004700 0.016531 0.999861 -0.002306 5.245300 0.032047 0.001775 0.999485 0.258800 0.000000 0.000000 0.000000 1.000000
0.999353 -0.016558 -0.031943 0.004700 0.016500 0.999862 -0.002074 5.245300 0.031973 0.001546 0.999488 0.258800 0.000000 0.000000 0.000000 1.000000
0.999372 -0.016147 -0.031554 0.004700 0.016092 0.999869 -0.001974 5.245300 0.031582 0.001465 0.999500 0.258800 0.000000 0.000000 0.000000 1.000000
0.999402 -0.015453 -0.030931 0.004700 0.015398 0.999879 -0.001995 5.245300 0.030958 0.001517 0.999520 0.258800 0.000000 0.000000 0.000000 1.000000
0.999437 -0.014626 -0.030202 0.004700 0.014570 0.999892 -0.002105 5.245300 0.030230 0.001664 0.999542 0.258800 0.000000 0.000000 0.000000 1.000000
0.999469 -0.013816 -0.029517 0.004700 0.013756 0.999903 -0.002258 5.245300 0.029545 0.001851 0.999562 0.258800 0.000000 0.000000 0.000000 1.000000
0.999493 -0.013110 -0.029006 0.004700 0.013045 0.999912 -0.002404 5.245300 0.029035 0.002025 0.999576 0.258800 0.000000 0.000000 0.000000 1.000000
0.999508 -0.012509 -0.028753 0.004700 0.012442 0.999919 -0.002507 5.245300 0.028782 0.002148 0.999583 0.258800 0.000000 0.000000 0.000000 1.000000
0.999514 -0.011944 -0.028782 0.004700 0.011875 0.999926 -0.002557 5.245300 0.028811 0.002214 0.999582 0.258800 0.000000 0.000000 0.000000 1.000000
0.999513 -0.011335 -0.029063 0.004700 0.011265 0.999933 -0.002567 5.245300 0.029090 0.002238 0.999574 0.258800 0.000000 0.000000 0.000000 1.000000
0.999507 -0.010645 -0.029528 0.004700 0.010574 0.999941 -0.002556 5.245300 0.029554 0.002242 0.999561 0.258800 0.000000 0.000000 0.000000 1.000000
0.999498 -0.009912 -0.030093 0.004700 0.009840 0.999948 -0.002529 5.245300 0.030116 0.002231 0.999544 0.258800 0.000000 0.000000 0.000000 1.000000
0.999487 -0.009222 -0.030673 0.004700 0.009151 0.999955 -0.002477 5.245300 0.030695 0.002195 0.999526 0.258800 0.000000 0.000000 0.000000 1.000000
0.999476 -0.008664 -0.031198 0.004700 0.008594 0.999960 -0.002385 5.245300 0.031217 0.002116 0.999510 0.258800 0.000000 0.000000 0.000000 1.000000
0.999466 -0.008280 -0.031621 0.004700 0.008213 0.999964 -0.002249 5.245300 0.031638 0.001989 0.999497 0.258800 0.000000 0.000000 0.000000 1.000000
0.999458 -0.008071 -0.031929 0.004700 0.008008 0.999966 -0.002077 5.245300 0.031945 0.001821 0.999488 0.258800 0.000000 0.000000 0.000000 1.000000
0.999451 -0.008015 -0.032150 0.004700 0.007958 0.999967 -0.001885 5.245300 0.032164 0.001628 0.999481 0.258800 0.000000 0.000000 0.000000 1.000000
0.999444 -0.008104 -0.032336 0.004700 0.008054 0.999966 -0.001681 5.245300 0.032348 0.001419 0.999476 0.258800 0.000000 0.000000 0.000000 1.000000
0.999435 -0.008362 -0.032550 0.004700 0.008319 0.999964 -0.001459 5.245300 0.032561 0.001187 0.999469 0.258800 0.000000 0.000000 0.000000 1.000000
0.999422 -0.008814 -0.032845 0.004700 0.008779 0.999961 -0.001207 5.245300 0.032855 0.000918 0.999460 0.258800 0.000000 0.000000 0.000000 1.000000
0.999402 -0.009466 -0.033250 0.004700 0.009441 0.999955 -0.000925 5.245300 0.033257 0.000611 0.999447 0.258800 0.000000 0.000000 0.000000 1.000000
0.999377 -0.010289 -0.033762 0.004700 0.010273 0.999947 -0.000633 5.245300 0.033766 0.000286 0.999430 0.258800 0.000000 0.000000 0.000000 1.000000
0.999347 -0.011213 -0.034346 0.004700 0.011207 0.999937 -0.000376 5.245300 0.034348 -0.000010 0.999410 0.258800 0.000000 0.000000 0.000000 1.000000
0.999316 -0.012147 -0.034927 0.004700 0.012147 0.999926 -0.000216 5.245300 0.034927 -0.000208 0.999390 0.258800 0.000000 0.000000 0.000000 1.000000
0.999289 -0.013006 -0.035397 0.004700 0.013006 0.999915 -0.000225 5.245300 0.035397 -0.000236 0.999373 0.258800 0.000000 0.000000 0.000000 1.000000
0.999271 -0.013720 -0.035634 0.004700 0.013712 0.999906 -0.000456 5.245300 0.035637 -0.000033 0.999365 0.258800 0.000000 0.000000 0.000000 1.000000
0.999267 -0.014253 -0.035542 0.004700 0.014229 0.999898 -0.000930 5.245300 0.035552 0.000424 0.999368 0.258800 0.000000 0.000000 0.000000 1.000000</float_array>
        <technique_common>
          <accessor source="#mixamorig_Spine-Matrix-animation-output-transform-array" count="76" stride="16">
            <param type="float4x4"/>
          </accessor>
        </technique_common>
      </source>
      <source id="mixamorig_Spine-Interpolations">
        <Name_array id="mixamorig_Spine-Interpolations-array" count="76">
 LINEAR LINEAR LINEAR LINEAR LINEAR LINEAR LINEAR LINEAR LINEAR LINEAR LINEAR
LINEAR LINEAR LINEAR LINEAR LINEAR LINEAR LINEAR LINEAR LINEAR LINEAR LINEAR LINEAR
LINEAR LINEAR LINEAR LINEAR LINEAR LINEAR LINEAR LINEAR LINEAR LINEAR LINEAR LINEAR
LINEAR LINEAR LINEAR LINEAR LINEAR LINEAR LINEAR LINEAR LINEAR LINEAR LINEAR LINEAR
LINEAR LINEAR LINEAR LINEAR LINEAR LINEAR LINEAR LINEAR LINEAR LINEAR LINEAR LINEAR
LINEAR LINEAR LINEAR LINEAR LINEAR LINEAR LINEAR LINEAR LINEAR LINEAR LINEAR LINEAR
LINEAR LINEAR LINEAR LINEAR LINEAR</Name_array>
        <technique_common>
          <accessor source="#mixamorig_Spine-Interpolations-array" count="76">
            <param type="name"/>
          </accessor>
        </technique_common>
      </source>
      <sampler id="mixamorig_Spine-Matrix-animation-transform">
        <input semantic="INPUT" source="#mixamorig_Spine-Matrix-animation-input"/>
        <input semantic="OUTPUT" source="#mixamorig_Spine-Matrix-animation-output-transform"/>
        <input semantic="INTERPOLATION" source="#mixamorig_Spine-Interpolations"/>
      </sampler>
      <channel source="#mixamorig_Spine-Matrix-animation-transform" target="mixamorig_Spine/matrix"/>
    </animation>
    <animation id="mixamorig_Spine1-anim" name="mixamorig_Spine1">
      <source id="mixamorig_Spine1-Matrix-animation-input">
        <float_array id="mixamorig_Spine1-Matrix-animation-input-array" count="76">

0.000000 0.033333 0.066667 0.100000 0.133333 0.166667 0.200000 0.233333 0.266667 0.300000 0.333333 0.366667 0.400000 0.433333 0.466667 0.500000
0.533333 0.566667 0.600000 0.633333 0.666667 0.700000 0.733333 0.766667 0.800000 0.833333 0.866667 0.900000 0.933333 0.966667 1.000000 1.033333
1.066667 1.100000 1.133333 1.166667 1.200000 1.233333 1.266667 1.300000 1.333333 1.366667 1.400000 1.433333 1.466667 1.500000 1.533333 1.566667
1.600000 1.633333 1.666667 1.700000 1.733333 1.766667 1.800000 1.833333 1.866667 1.900000 1.933333 1.966667 2.000000 2.033333 2.066667 2.100000
2.133333 2.166667 2.200000 2.233333 2.266667 2.300000 2.333333 2.366667 2.400000 2.433333 2.466667 2.500000</float_array>
        <technique_common>
          <accessor source="#mixamorig_Spine1-Matrix-animation-input-array" count="76">
            <param name="TIME" type="float"/>
          </accessor>
        </technique_common>
      </source>
      <source id="mixamorig_Spine1-Matrix-animation-output-transform">
        <float_array id="mixamorig_Spine1-Matrix-animation-output-transform-array" count="1216">

0.999893 -0.001093 -0.014601 0.000000 0.001780 0.998887 0.047126 11.066900 0.014533 -0.047147 0.998782 0.000000 0.000000 0.000000 0.000000 1.000000
0.999893 -0.001093 -0.014601 0.000000 0.001780 0.998886 0.047147 11.066900 0.014533 -0.047168 0.998781 0.000000 0.000000 0.000000 0.000000 1.000000
0.999893 -0.001098 -0.014589 -0.000000 0.001786 0.998882 0.047229 11.066900 0.014521 -0.047250 0.998778 0.000000 0.000000 0.000000 0.000000 1.000000
0.999893 -0.001104 -0.014595 -0.000000 0.001794 0.998878 0.047327 11.066900 0.014527 -0.047348 0.998773 0.000000 0.000000 0.000000 0.000000 1.000000
0.999893 -0.001112 -0.014609 0.000000 0.001804 0.998873 0.047438 11.066900 0.014540 -0.047460 0.998767 -0.000000 0.000000 0.000000 0.000000 1.000000
0.999892 -0.001123 -0.014623 0.000000 0.001818 0.998867 0.047551 11.066900 0.014553 -0.047573 0.998762 0.000000 0.000000 0.000000 0.000000 1.000000
0.999892 -0.001139 -0.014621 0.000000 0.001835 0.998863 0.047641 11.066900 0.014550 -0.047662 0.998758 0.000000 0.000000 0.000000 0.000000 1.000000
0.999893 -0.001163 -0.014582 0.000000 0.001857 0.998861 0.047675 11.066900 0.014510 -0.047697 0.998756 0.000000 0.000000 0.000000 0.000000 1.000000
0.999894 -0.001196 -0.014488 -0.000000 0.001885 0.998864 0.047622 11.066900 0.014414 -0.047644 0.998760 0.000000 0.000000 0.000000 0.000000 1.000000
0.999897 -0.001120 -0.014307 0.000000 0.001798 0.998871 0.047465 11.066900 0.014237 -0.047486 0.998770 -0.000000 0.000000 0.000000 0.000000 1.000000
0.999901 -0.000944 -0.014038 0.000000 0.001606 0.998884 0.047212 11.066900 0.013978 -0.047230 0.998786 -0.000000 0.000000 0.000000 0.000000 1.000000
0.999906 -0.000759 -0.013705 0.000000 0.001401 0.998899 0.046894 11.066900 0.013654 -0.046909 0.998806 0.000000 0.000000 0.000000 0.000000 1.000000
0.999911 -0.000576 -0.013329 0.000000 0.001196 0.998915 0.046556 11.066900 0.013288 -0.046568 0.998827 0.000000 0.000000 0.000000 0.000000 1.000000
0.999916 -0.000402 -0.012941 0.000000 0.001000 0.998930 0.046237 11.066900 0.012909 -0.046246 0.998847 -0.000000 0.000000 0.000000 0.000000 1.000000
0.999921 -0.000245 -0.012574 0.000000 0.000823 0.998943 0.045962 11.066900 0.012549 -0.045968 0.998864 0.000000 0.000000 0.000000 0.000000 1.000000
0.999925 -0.000113 -0.012265 0.000000 0.000674 0.998953 0.045739 11.066900 0.012247 -0.045744 0.998878 -0.000000 0.000000 0.000000 0.000000 1.000000
0.999927 -0.000014 -0.012055 -0.000000 0.000564 0.998961 0.045573 11.066900 0.012042 -0.045577 0.998888 -0.000000 0.000000 0.000000 0.000000 1.000000
0.999928 0.000036 -0.011971 0.000000 0.000508 0.998966 0.045465 11.066900 0.011960 -0.045468 0.998894 0.000000 0.000000 0.000000 0.000000 1.000000
0.999928 0.000026 -0.012019 0.000000 0.000520 0.998968 0.045418 11.066900 0.012008 -0.045421 0.998896 -0.000000 0.000000 0.000000 0.000000 1.000000
0.999926 -0.000049 -0.012174 0.000000 0.000602 0.998967 0.045429 11.066900 0.012159 -0.045433 0.998893 0.000000 0.000000 0.000000 0.000000 1.000000
0.999923 -0.000182 -0.012379 0.000000 0.000745 0.998965 0.045481 11.066900 0.012358 -0.045487 0.998888 0.000000 0.000000 0.000000 0.000000 1.000000
0.999921 -0.000353 -0.012561 0.000000 0.000925 0.998962 0.045551 11.066900 0.012532 -0.045559 0.998883 -0.000000 0.000000 0.000000 0.000000 1.000000
0.999920 -0.000538 -0.012646 0.000000 0.001114 0.998959 0.045603 11.066900 0.012608 -0.045614 0.998880 0.000000 0.000000 0.000000 0.000000 1.000000
0.999921 -0.000705 -0.012581 -0.000000 0.001278 0.998959 0.045606 11.066900 0.012536 -0.045618 0.998880 -0.000000 0.000000 0.000000 0.000000 1.000000
0.999923 -0.000827 -0.012348 0.000000 0.001388 0.998962 0.045531 11.066900 0.012298 -0.045545 0.998887 -0.000000 0.000000 0.000000 0.000000 1.000000
0.999928 -0.000880 -0.011964 0.000000 0.001422 0.998969 0.045367 11.066900 0.011912 -0.045381 0.998899 0.000000 0.000000 0.000000 0.000000 1.000000
0.999934 -0.000855 -0.011478 0.000000 0.001372 0.998981 0.045116 11.066900 0.011428 -0.045129 0.998916 -0.000000 0.000000 0.000000 0.000000 1.000000
0.999940 -0.000756 -0.010956 0.000000 0.001246 0.998995 0.044804 11.066900 0.010911 -0.044815 0.998936 0.000000 0.000000 0.000000 0.000000 1.000000
0.999945 -0.000608 -0.010468 -0.000000 0.001073 0.999010 0.044470 11.066900 0.010430 -0.044479 0.998956 0.000000 0.000000 0.000000 0.000000 1.000000
0.999949 -0.000446 -0.010069 0.000000 0.000891 0.999024 0.044163 11.066900 0.010039 -0.044170 0.998974 0.000000 0.000000 0.000000 0.000000 1.000000
0.999952 -0.000303 -0.009792 -0.000000 0.000733 0.999034 0.043929 11.066900 0.009769 -0.043934 0.998987 0.000000 0.000000 0.000000 0.000000 1.000000
0.999953 -0.000201 -0.009641 -0.000000 0.000623 0.999040 0.043797 11.066900 0.009623 -0.043801 0.998994 0.000000 0.000000 0.000000 0.000000 1.000000
0.999954 -0.000148 -0.009600 0.000000 0.000568 0.999041 0.043771 11.066900 0.009584 -0.043774 0.998995 -0.000000 0.000000 0.000000 0.000000 1.000000
0.999954 -0.000138 -0.009637 0.000000 0.000560 0.999039 0.043834 11.066900 0.009622 -0.043837 0.998992 0.000000 0.000000 0.000000 0.000000 1.000000
0.999953 -0.000158 -0.009724 0.000000 0.000585 0.999033 0.043958 11.066900 0.009708 -0.043962 0.998986 0.000000 0.000000 0.000000 0.000000 1.000000
0.999952 -0.000194 -0.009836 0.000000 0.000628 0.999026 0.044117 11.066900 0.009818 -0.044121 0.998978 0.000000 0.000000 0.000000 0.000000 1.000000
0.999950 -0.000238 -0.009956 0.000000 0.000679 0.999018 0.044293 11.066900 0.009936 -0.044298 0.998969 0.000000 0.000000 0.000000 0.000000 1.000000
0.999949 -0.000285 -0.010079 0.000000 0.000733 0.999010 0.044474 11.066900 0.010057 -0.044480 0.998960 0.000000 0.000000 0.000000 0.000000 1.000000
0.999948 -0.000334 -0.010204 0.000000 0.000790 0.999002 0.044651 11.066900 0.010179 -0.044657 0.998951 0.000000 0.000000 0.000000 0.000000 1.000000
0.999946 -0.000389 -0.010337 0.000000 0.000852 0.998995 0.044816 11.066900 0.010310 -0.044822 0.998942 0.000000 0.000000 0.000000 0.000000 1.000000
0.999945 -0.000455 -0.010494 0.000000 0.000926 0.998988 0.044968 11.066900 0.010463 -0.044975 0.998933 0.000000 0.000000 0.000000 0.000000 1.000000
0.999943 -0.000541 -0.010693 0.000000 0.001023 0.998981 0.045114 11.066900 0.010658 -0.045122 0.998925 0.000000 0.000000 0.000000 0.000000 1.000000
0.999940 -0.000658 -0.010952 -0.000000 0.001153 0.998974 0.045266 11.066900 0.010911 -0.045276 0.998915 0.000000 0.000000 0.000000 0.000000 1.000000
0.999936 -0.000814 -0.011279 0.000000 0.001326 0.998966 0.045434 11.066900 0.011230 -0.045447 0.998904 0.000000 0.000000 0.000000 0.000000 1.000000
0.999931 -0.001015 -0.011670 0.000000 0.001546 0.998957 0.045625 11.066900 0.011611 -0.045640 0.998890 0.000000 0.000000 0.000000 0.000000 1.000000
0.999926 -0.001254 -0.012102 0.000000 0.001808 0.998947 0.045833 11.066900 0.012032 -0.045851 0.998876 -0.000000 0.000000 0.000000 0.000000 1.000000
0.999920 -0.001514 -0.012534 0.000000 0.002090 0.998937 0.046048 11.066900 0.012451 -0.046070 0.998861 0.000000 0.000000 0.000000 0.000000 1.000000
0.999915 -0.001760 -0.012910 0.000000 0.002356 0.998927 0.046253 11.066900 0.012815 -0.046279 0.998846 0.000000 0.000000 0.000000 0.000000 1.000000
0.999911 -0.001949 -0.013178 -0.000000 0.002559 0.998918 0.046431 11.066900 0.013073 -0.046461 0.998835 -0.000000 0.000000 0.000000 0.000000 1.000000
0.999910 -0.002038 -0.013294 0.000000 0.002655 0.998911 0.046570 11.066900 0.013184 -0.046601 0.998827 0.000000 0.000000 0.000000 0.000000 1.000000
0.999910 -0.002001 -0.013242 0.000000 0.002617 0.998907 0.046662 11.066900 0.013134 -0.046692 0.998823 -0.000000 0.000000 0.000000 0.000000 1.000000
0.999913 -0.001843 -0.013037 0.000000 0.002450 0.998906 0.046704 11.066900 0.012937 -0.046732 0.998824 -0.000000 0.000000 0.000000 0.000000 1.000000
0.999918 -0.001594 -0.012724 0.000000 0.002186 0.998907 0.046700 11.066900 0.012635 -0.046724 0.998828 0.000000 0.000000 0.000000 0.000000 1.000000
0.999923 -0.001305 -0.012367 0.000000 0.001880 0.998909 0.046656 11.066900 0.012293 -0.046675 0.998834 0.000000 0.000000 0.000000 0.000000 1.000000
0.999927 -0.001026 -0.012038 0.000000 0.001586 0.998913 0.046584 11.066900 0.011977 -0.046600 0.998842 0.000000 0.000000 0.000000 0.000000 1.000000
0.999930 -0.000786 -0.011794 0.000000 0.001334 0.998917 0.046501 11.066900 0.011745 -0.046513 0.998849 -0.000000 0.000000 0.000000 0.000000 1.000000
0.999932 -0.000579 -0.011670 0.000000 0.001120 0.998921 0.046424 11.066900 0.011630 -0.046433 0.998854 -0.000000 0.000000 0.000000 0.000000 1.000000
0.999932 -0.000374 -0.011668 0.000000 0.000915 0.998924 0.046365 11.066900 0.011638 -0.046373 0.998856 0.000000 0.000000 0.000000 0.000000 1.000000
0.999931 -0.000137 -0.011769 0.000000 0.000682 0.998926 0.046333 11.066900 0.011750 -0.046338 0.998857 0.000000 0.000000 0.000000 0.000000 1.000000
0.999929 0.000145 -0.011941 0.000000 0.000408 0.998926 0.046332 11.066900 0.011934 -0.046333 0.998855 0.000000 0.000000 0.000000 0.000000 1.000000
0.999926 0.000453 -0.012149 -0.000000 0.000111 0.998925 0.046360 11.066900 0.012157 -0.046358 0.998851 0.000000 0.000000 0.000000 0.000000 1.000000
0.999923 0.000745 -0.012363 -0.000000 -0.000171 0.998922 0.046414 11.066900 0.012384 -0.046409 0.998846 0.000000 0.000000 0.000000 0.000000 1.000000
0.999921 0.000979 -0.012557 0.000000 -0.000394 0.998919 0.046487 11.066900 0.012589 -0.046479 0.998840 0.000000 0.000000 0.000000 0.000000 1.000000
0.999919 0.001130 -0.012716 0.000000 -0.000537 0.998915 0.046570 11.066900 0.012755 -0.046560 0.998834 -0.000000 0.000000 0.000000 0.000000 1.000000
0.999917 0.001196 -0.012836 0.000000 -0.000596 0.998911 0.046655 11.066900 0.012878 -0.046644 0.998829 0.000000 0.000000 0.000000 0.000000 1.000000
0.999916 0.001189 -0.012927 0.000000 -0.000583 0.998907 0.046736 11.066900 0.012969 -0.046725 0.998824 0.000000 0.000000 0.000000 0.000000 1.000000
