<?xml version="1.0" encoding="utf-8"?>
<COLLADA xmlns="http://www.collada.org/2005/11/COLLADASchema" version="1.4.1">
  <asset>
    <contributor>
      <author>Mixamo</author>
      <authoring_tool>COLLADA Mixamo exporter</authoring_tool>
      <comments/>
    </contributor>
    <created>2024-08-22T02:55:11Z</created>
    <modified>2024-08-22T02:55:11Z</modified>
    <revision/>
    <title/>
    <unit meter="0.010000"/>
    <up_axis>Y_UP</up_axis>
  </asset>
  <library_animations>
    <animation id="mixamorig_Hips-anim" name="mixamorig_Hips">
      <source id="mixamorig_Hips-Matrix-animation-input">
        <float_array id="mixamorig_Hips-Matrix-animation-input-array" count="69">

0.000000 0.033333 0.066667 0.100000 0.133333 0.166667 0.200000 0.233333 0.266667 0.300000 0.333333 0.366667 0.400000 0.433333 0.466667 0.500000
0.533333 0.566667 0.600000 0.633333 0.666667 0.700000 0.733333 0.766667 0.800000 0.833333 0.866667 0.900000 0.933333 0.966667 1.000000 1.033333
1.066667 1.100000 1.133333 1.166667 1.200000 1.233333 1.266667 1.300000 1.333333 1.366667 1.400000 1.433333 1.466667 1.500000 1.533333 1.566667
1.600000 1.633333 1.666667 1.700000 1.733333 1.766667 1.800000 1.833333 1.866667 1.900000 1.933333 1.966667 2.000000 2.033333 2.066667 2.100000
2.133333 2.166667 2.200000 2.233333 2.266667</float_array>
        <technique_common>
          <accessor source="#mixamorig_Hips-Matrix-animation-input-array" count="69">
            <param name="TIME" type="float"/>
          </accessor>
        </technique_common>
      </source>
      <source id="mixamorig_Hips-Matrix-animation-output-transform">
        <float_array id="mixamorig_Hips-Matrix-animation-output-transform-array" count="1104">

0.636206 -0.127965 -0.760833 -1.207351 0.041691 0.990410 -0.131716 88.705635 0.770392 0.052079 0.635440 0.989275 0.000000 0.000000 0.000000 1.000000
0.625351 -0.116965 -0.771528 -1.242702 0.048886 0.992633 -0.110861 88.934494 0.778811 0.031610 0.626462 1.202026 0.000000 0.000000 0.000000 1.000000
0.614228 -0.105166 -0.782090 -1.242849 0.055708 0.994386 -0.089962 89.200470 0.787160 0.011689 0.616638 1.634894 0.000000 0.000000 0.000000 1.000000
0.596493 -0.089138 -0.797653 -1.203590 0.064078 0.995930 -0.063377 89.506851 0.800056 -0.013308 0.599777 2.316799 0.000000 0.000000 0.000000 1.000000
0.565814 -0.070756 -0.821492 -1.148272 0.078432 0.996412 -0.031801 89.840897 0.820794 -0.046438 0.569333 3.248462 0.000000 0.000000 0.000000 1.000000
0.527574 -0.052502 -0.847885 -1.086525 0.094407 0.995530 -0.002902 90.182434 0.844247 -0.078515 0.530172 4.430380 0.000000 0.000000 0.000000 1.000000
0.493777 -0.037664 -0.868772 -1.021715 0.108783 0.993889 0.018739 90.521027 0.862757 -0.103760 0.494857 5.794363 0.000000 0.000000 0.000000 1.000000
0.480864 -0.032439 -0.876195 -0.970686 0.123195 0.991902 0.030888 90.844650 0.868097 -0.122795 0.480966 7.236974 0.000000 0.000000 0.000000 1.000000
0.496279 -0.044241 -0.867035 -0.975433 0.140084 0.989695 0.029683 91.142334 0.856787 -0.136189 0.497362 8.677309 0.000000 0.000000 0.000000 1.000000
0.534846 -0.050497 -0.843439 -0.911821 0.155035 0.987130 0.039212 91.469803 0.830604 -0.151735 0.535792 10.027929 0.000000 0.000000 0.000000 1.000000
0.587282 -0.054929 -0.807516 -0.804194 0.162883 0.985304 0.051438 91.829857 0.792823 -0.161740 0.587598 11.337344 0.000000 0.000000 0.000000 1.000000
0.650048 -0.060902 -0.757448 -0.651222 0.156728 0.986097 0.055219 92.227180 0.743555 -0.154608 0.650556 12.698906 0.000000 0.000000 0.000000 1.000000
0.718228 -0.066548 -0.692619 -0.354508 0.143444 0.988195 0.053800 92.684998 0.680862 -0.137993 0.719295 14.068702 0.000000 0.000000 0.000000 1.000000
0.788971 -0.070882 -0.610328 0.129084 0.125957 0.990886 0.047746 93.163834 0.601382 -0.114545 0.790708 15.306068 0.000000 0.000000 0.000000 1.000000
0.856814 -0.070465 -0.510788 0.800400 0.102538 0.994118 0.034859 93.689621 0.505327 -0.082243 0.859000 16.394066 0.000000 0.000000 0.000000 1.000000
0.915559 -0.066778 -0.396602 1.617508 0.080362 0.996608 0.017713 94.225143 0.394074 -0.048089 0.917820 17.187504 0.000000 0.000000 0.000000 1.000000
0.961894 -0.056844 -0.267447 2.571499 0.057110 0.998345 -0.006791 94.766922 0.267390 -0.008742 0.963549 17.582886 0.000000 0.000000 0.000000 1.000000
0.989787 -0.038808 -0.137168 3.622062 0.032728 0.998391 -0.046303 95.253891 0.138744 0.041341 0.989465 17.512157 0.000000 0.000000 0.000000 1.000000
0.999759 -0.015920 -0.015098 4.675896 0.014379 0.995166 -0.097151 95.566010 0.016571 0.096910 0.995155 16.939629 0.000000 0.000000 0.000000 1.000000
0.995105 0.011084 0.098205 5.617784 0.004436 0.987679 -0.156431 95.507889 -0.098728 0.156101 0.982795 15.936262 0.000000 0.000000 0.000000 1.000000
0.982342 0.040512 0.182653 6.280634 -0.003420 0.980000 -0.198966 94.944153 -0.187061 0.194828 0.962834 14.521954 0.000000 0.000000 0.000000 1.000000
0.967642 0.067536 0.243122 6.599913 -0.016205 0.978160 -0.207222 93.893250 -0.251807 0.196577 0.947603 12.816416 0.000000 0.000000 0.000000 1.000000
0.951443 0.079208 0.297461 6.582293 -0.027873 0.984526 -0.173007 92.663353 -0.306561 0.156315 0.938928 11.055412 0.000000 0.000000 0.000000 1.000000
0.942594 0.059329 0.328628 6.105878 -0.015380 0.990760 -0.134753 91.619720 -0.333586 0.121963 0.934797 9.780752 0.000000 0.000000 0.000000 1.000000
0.957104 0.037742 0.287275 5.183927 -0.001651 0.992174 -0.124851 91.007225 -0.289739 0.119021 0.949676 9.474203 0.000000 0.000000 0.000000 1.000000
0.977721 0.027720 0.208069 3.959636 0.000398 0.990996 -0.133895 90.765320 -0.209907 0.130994 0.968906 10.007915 0.000000 0.000000 0.000000 1.000000
0.984676 0.038145 0.170170 2.724480 -0.007601 0.984246 -0.176643 90.581032 -0.174227 0.172643 0.969453 11.262348 0.000000 0.000000 0.000000 1.000000
0.969032 0.054855 0.240765 1.865968 -0.003133 0.977666 -0.210139 90.233902 -0.246915 0.202877 0.947562 12.430717 0.000000 0.000000 0.000000 1.000000
0.941674 0.069528 0.329264 1.184237 0.011563 0.971162 -0.238142 89.826675 -0.336326 0.228059 0.913714 13.396005 0.000000 0.000000 0.000000 1.000000
0.918903 0.079366 0.386416 0.803315 0.028714 0.963497 -0.266176 89.419228 -0.393436 0.255685 0.883082 13.902117 0.000000 0.000000 0.000000 1.000000
0.896564 0.098339 0.431859 0.639742 0.037417 0.954738 -0.295085 89.191322 -0.441330 0.280722 0.852305 14.141914 0.000000 0.000000 0.000000 1.000000
0.876474 0.121678 0.465819 0.539580 0.039869 0.945869 -0.322090 89.090065 -0.479795 0.300876 0.824179 14.297596 0.000000 0.000000 0.000000 1.000000
0.860218 0.144604 0.488994 0.453907 0.037882 0.938177 -0.344076 89.030144 -0.508517 0.314504 0.801559 14.434025 0.000000 0.000000 0.000000 1.000000
0.849237 0.162381 0.502423 0.431911 0.033180 0.933245 -0.357704 89.019516 -0.526968 0.320446 0.787159 14.472360 0.000000 0.000000 0.000000 1.000000
0.852125 0.166637 0.496100 0.506728 0.021632 0.935928 -0.351528 89.152176 -0.522891 0.310277 0.793923 14.268517 0.000000 0.000000 0.000000 1.000000
0.868345 0.162535 0.468572 0.740376 0.000891 0.944263 -0.329190 89.433594 -0.495960 0.286268 0.819801 13.777636 0.000000 0.000000 0.000000 1.000000
0.888365 0.155261 0.432090 1.117123 -0.019782 0.953159 -0.301823 89.798264 -0.458712 0.259582 0.849824 13.080378 0.000000 0.000000 0.000000 1.000000
0.911488 0.143304 0.385556 1.497052 -0.037167 0.962208 -0.269769 90.212860 -0.409644 0.231561 0.882367 12.294641 0.000000 0.000000 0.000000 1.000000
0.936379 0.130136 0.325972 1.760557 -0.050392 0.968948 -0.242074 90.647461 -0.347353 0.210247 0.913861 11.588844 0.000000 0.000000 0.000000 1.000000
0.959273 0.118049 0.256632 1.839015 -0.061717 0.974130 -0.217398 91.103539 -0.275657 0.192706 0.941742 11.008911 0.000000 0.000000 0.000000 1.000000
0.978240 0.107976 0.177164 1.721543 -0.074593 0.979845 -0.185310 91.561768 -0.193602 0.168062 0.966578 10.448708 0.000000 0.000000 0.000000 1.000000
0.990518 0.095888 0.098387 1.436645 -0.079996 0.984766 -0.154391 91.957764 -0.111693 0.145056 0.983099 9.827161 0.000000 0.000000 0.000000 1.000000
0.996242 0.084076 0.020792 1.047350 -0.080616 0.987938 -0.132208 92.255188 -0.031657 0.130035 0.991004 9.070527 0.000000 0.000000 0.000000 1.000000
0.995676 0.072173 -0.058487 0.583819 -0.078330 0.990739 -0.110913 92.485657 0.049941 0.115014 0.992108 8.095261 0.000000 0.000000 0.000000 1.000000
0.988951 0.056675 -0.136978 0.051961 -0.069910 0.993131 -0.093824 92.663391 0.130720 0.102364 0.986121 6.941769 0.000000 0.000000 0.000000 1.000000
0.975654 0.044205 -0.214815 -0.494740 -0.061232 0.995431 -0.073265 92.806900 0.210595 0.084635 0.973903 5.631091 0.000000 0.000000 0.000000 1.000000
0.956373 0.038332 -0.289623 -1.005132 -0.053973 0.997473 -0.046210 92.907616 0.287120 0.059826 0.956025 4.204648 0.000000 0.000000 0.000000 1.000000
0.932527 0.036329 -0.359267 -1.510243 -0.049367 0.998411 -0.027179 92.961456 0.357709 0.043081 0.932839 2.809442 0.000000 0.000000 0.000000 1.000000
0.904833 0.037263 -0.424132 -2.008772 -0.046338 0.998864 -0.011099 92.998177 0.423237 0.029696 0.905532 1.501408 0.000000 0.000000 0.000000 1.000000
0.871890 0.040121 -0.488056 -2.497541 -0.040401 0.999134 0.009959 93.038254 0.488033 0.011035 0.872755 0.299155 0.000000 0.000000 0.000000 1.000000
0.840219 0.040702 -0.540718 -2.948184 -0.030348 0.999146 0.028052 93.064537 0.541398 -0.007160 0.840736 -0.711170 0.000000 0.000000 0.000000 1.000000
0.810636 0.036945 -0.584383 -3.331292 -0.018021 0.999109 0.038166 93.049965 0.585273 -0.020407 0.810580 -1.494901 0.000000 0.000000 0.000000 1.000000
0.782003 0.029040 -0.622598 -3.622974 -0.002697 0.999062 0.043211 92.952499 0.623269 -0.032112 0.781348 -2.087177 0.000000 0.000000 0.000000 1.000000
0.756133 0.020966 -0.654082 -3.788256 0.013990 0.998740 0.048187 92.729820 0.654268 -0.045586 0.754887 -2.511307 0.000000 0.000000 0.000000 1.000000
0.733056 0.013426 -0.680036 -3.827917 0.027140 0.998432 0.048968 92.450577 0.679627 -0.054352 0.731541 -2.729537 0.000000 0.000000 0.000000 1.000000
0.708858 0.004394 -0.705338 -3.772486 0.038564 0.998244 0.044974 92.124413 0.704296 -0.059081 0.707443 -2.760985 0.000000 0.000000 0.000000 1.000000
0.686421 -0.008326 -0.727157 -3.644809 0.051888 0.997947 0.037555 91.763229 0.725351 -0.063509 0.685443 -2.650567 0.000000 0.000000 0.000000 1.000000
0.667631 -0.022242 -0.744160 -3.440506 0.062915 0.997664 0.026626 91.377029 0.741829 -0.064595 0.667471 -2.420447 0.000000 0.000000 0.000000 1.000000
0.652591 -0.037646 -0.756774 -3.165552 0.069785 0.997506 0.010556 90.972839 0.754489 -0.059701 0.653591 -2.109284 0.000000 0.000000 0.000000 1.000000
0.646578 -0.054747 -0.760881 -2.817443 0.074267 0.997201 -0.008640 90.562988 0.759224 -0.050922 0.648834 -1.774351 0.000000 0.000000 0.000000 1.000000
0.644794 -0.069466 -0.761193 -2.400886 0.074857 0.996813 -0.027559 90.161537 0.760682 -0.039210 0.647940 -1.463875 0.000000 0.000000 0.000000 1.000000
0.646074 -0.086860 -0.758317 -1.990697 0.076048 0.995886 -0.049279 89.770332 0.759477 -0.025830 0.650021 -1.192621 0.000000 0.000000 0.000000 1.000000
0.648019 -0.096675 -0.755464 -1.589759 0.072108 0.995243 -0.065507 89.419785 0.758203 -0.012025 0.651908 -0.941554 0.000000 0.000000 0.000000 1.000000
0.647619 -0.109105 -0.754112 -1.301961 0.067059 0.994016 -0.086225 89.098259 0.759008 0.005271 0.651061 -0.651830 0.000000 0.000000 0.000000 1.000000
0.645813 -0.119172 -0.754137 -1.120730 0.064725 0.992733 -0.101448 88.836098 0.760747 0.016705 0.648833 -0.342203 0.000000 0.000000 0.000000 1.000000
0.643107 -0.122403 -0.755931 -1.021685 0.058944 0.992126 -0.110502 88.648399 0.763505 0.026507 0.645258 0.010636 0.000000 0.000000 0.000000 1.000000
0.640504 -0.124923 -0.757726 -1.022113 0.053283 0.991532 -0.118429 88.590340 0.766104 0.035480 0.641736 0.373322 0.000000 0.000000 0.000000 1.000000
0.638023 -0.126267 -0.759594 -1.090687 0.047471 0.991037 -0.124866 88.648361 0.768552 0.043608 0.638299 0.705207 0.000000 0.000000 0.000000 1.000000
0.636205 -0.127965 -0.760833 -1.207349 0.041691 0.990410 -0.131716 88.705635 0.770392 0.052079 0.635439 0.989282 0.000000 0.000000 0.000000 1.000000</float_array>
        <technique_common>
          <accessor source="#mixamorig_Hips-Matrix-animation-output-transform-array" count="69" stride="16">
            <param type="float4x4"/>
          </accessor>
        </technique_common>
      </source>
      <source id="mixamorig_Hips-Interpolations">
        <Name_array id="mixamorig_Hips-Interpolations-array" count="69">
 LINEAR LINEAR LINEAR LINEAR LINEAR LINEAR LINEAR LINEAR LINEAR LINEAR LINEAR
LINEAR LINEAR LINEAR LINEAR LINEAR LINEAR LINEAR LINEAR LINEAR LINEAR LINEAR LINEAR
LINEAR LINEAR LINEAR LINEAR LINEAR LINEAR LINEAR LINEAR LINEAR LINEAR LINEAR LINEAR
LINEAR LINEAR LINEAR LINEAR LINEAR LINEAR LINEAR LINEAR LINEAR LINEAR LINEAR LINEAR
LINEAR LINEAR LINEAR LINEAR LINEAR LINEAR LINEAR LINEAR LINEAR LINEAR LINEAR LINEAR
LINEAR LINEAR LINEAR LINEAR LINEAR LINEAR LINEAR LINEAR LINEAR LINEAR</Name_array>
        <technique_common>
          <accessor source="#mixamorig_Hips-Interpolations-array" count="69">
            <param type="name"/>
          </accessor>
        </technique_common>
      </source>
      <sampler id="mixamorig_Hips-Matrix-animation-transform">
        <input semantic="INPUT" source="#mixamorig_Hips-Matrix-animation-input"/>
        <input semantic="OUTPUT" source="#mixamorig_Hips-Matrix-animation-output-transform"/>
        <input semantic="INTERPOLATION" source="#mixamorig_Hips-Interpolations"/>
      </sampler>
      <channel source="#mixamorig_Hips-Matrix-animation-transform" target="mixamorig_Hips/matrix"/>
    </animation>
    <animation id="mixamorig_Spine-anim" name="mixamorig_Spine">
      <source id="mixamorig_Spine-Matrix-animation-input">
        <float_array id="mixamorig_Spine-Matrix-animation-input-array" count="69">

0.000000 0.033333 0.066667 0.100000 0.133333 0.166667 0.200000 0.233333 0.266667 0.300000 0.333333 0.366667 0.400000 0.433333 0.466667 0.500000
0.533333 0.566667 0.600000 0.633333 0.666667 0.700000 0.733333 0.766667 0.800000 0.833333 0.866667 0.900000 0.933333 0.966667 1.000000 1.033333
1.066667 1.100000 1.133333 1.166667 1.200000 1.233333 1.266667 1.300000 1.333333 1.366667 1.400000 1.433333 1.466667 1.500000 1.533333 1.566667
1.600000 1.633333 1.666667 1.700000 1.733333 1.766667 1.800000 1.833333 1.866667 1.900000 1.933333 1.966667 2.000000 2.033333 2.066667 2.100000
2.133333 2.166667 2.200000 2.233333 2.266667</float_array>
        <technique_common>
          <accessor source="#mixamorig_Spine-Matrix-animation-input-array" count="69">
            <param name="TIME" type="float"/>
          </accessor>
        </technique_common>
      </source>
      <source id="mixamorig_Spine-Matrix-animation-output-transform">
        <float_array id="mixamorig_Spine-Matrix-animation-output-transform-array" count="1104">

0.998055 0.033880 0.052334 0.004700 -0.026946 0.991415 -0.127943 5.245300 -0.056219 0.126284 0.990400 0.258800 0.000000 0.000000 0.000000 1.000000
0.998584 0.027241 0.045683 0.004700 -0.021291 0.991799 -0.126018 5.245300 -0.048741 0.124867 0.990976 0.258800 0.000000 0.000000 0.000000 1.000000
0.999292 0.018092 0.032982 0.004700 -0.013897 0.992276 -0.123267 5.245300 -0.034957 0.122721 0.991825 0.258800 0.000000 0.000000 0.000000 1.000000
0.999865 0.006765 0.014981 0.004700 -0.004897 0.992594 -0.121383 5.245300 -0.015691 0.121293 0.992493 0.258800 0.000000 0.000000 0.000000 1.000000
0.999961 -0.004936 -0.007343 0.004700 0.004025 0.992851 -0.119290 5.245300 0.007879 0.119255 0.992832 0.258800 0.000000 0.000000 0.000000 1.000000
0.999360 -0.017899 -0.030975 0.004700 0.014202 0.993184 -0.115690 5.245300 0.032834 0.115176 0.992802 0.258800 0.000000 0.000000 0.000000 1.000000
0.997979 -0.030699 -0.055636 0.004700 0.024444 0.993651 -0.109820 5.245300 0.058654 0.108239 0.992393 0.258800 0.000000 0.000000 0.000000 1.000000
0.995797 -0.044162 -0.080237 0.004700 0.035693 0.993929 -0.104076 5.245300 0.084346 0.100774 0.991327 0.258800 0.000000 0.000000 0.000000 1.000000
0.993510 -0.054132 -0.100039 0.004700 0.044409 0.994295 -0.096983 5.245300 0.104718 0.091911 0.990246 0.258800 0.000000 0.000000 0.000000 1.000000
0.991730 -0.058867 -0.114043 0.004700 0.048546 0.994643 -0.091260 5.245300 0.118805 0.084969 0.989275 0.258800 0.000000 0.000000 0.000000 1.000000
0.990832 -0.062287 -0.119886 0.004700 0.052132 0.994926 -0.086053 5.245300 0.124638 0.079014 0.989051 0.258800 0.000000 0.000000 0.000000 1.000000
0.990492 -0.065148 -0.121168 0.004700 0.055695 0.995252 -0.079826 5.245300 0.125793 0.072318 0.989417 0.258800 0.000000 0.000000 0.000000 1.000000
0.990682 -0.066301 -0.118967 0.004700 0.057755 0.995592 -0.073903 5.245300 0.123343 0.066343 0.990144 0.258800 0.000000 0.000000 0.000000 1.000000
0.991444 -0.064289 -0.113605 0.004700 0.056931 0.996136 -0.066868 5.245300 0.117465 0.059828 0.991273 0.258800 0.000000 0.000000 0.000000 1.000000
0.992208 -0.061178 -0.108539 0.004700 0.054973 0.996727 -0.059277 5.245300 0.111810 0.052849 0.992323 0.258800 0.000000 0.000000 0.000000 1.000000
0.993256 -0.055814 -0.101622 0.004700 0.050676 0.997336 -0.052466 5.245300 0.104279 0.046962 0.993439 0.258800 0.000000 0.000000 0.000000 1.000000
0.994776 -0.048963 -0.089576 0.004700 0.044935 0.997909 -0.046453 5.245300 0.091663 0.042186 0.994896 0.258800 0.000000 0.000000 0.000000 1.000000
0.996565 -0.040425 -0.072275 0.004700 0.037465 0.998421 -0.041854 5.245300 0.073853 0.039003 0.996506 0.258800 0.000000 0.000000 0.000000 1.000000
0.997990 -0.031581 -0.054946 0.004700 0.029264 0.998668 -0.042488 5.245300 0.056215 0.040795 0.997585 0.258800 0.000000 0.000000 0.000000 1.000000
0.999022 -0.022829 -0.037872 0.004700 0.021023 0.998655 -0.047402 5.245300 0.038903 0.046560 0.998158 0.258800 0.000000 0.000000 0.000000 1.000000
0.999755 -0.016551 -0.014699 0.004700 0.015620 0.997992 -0.061381 5.245300 0.015686 0.061136 0.998006 0.258800 0.000000 0.000000 0.000000 1.000000
0.999837 -0.016154 0.008029 0.004700 0.016782 0.996190 -0.085574 5.245300 -0.006616 0.085695 0.996299 0.258800 0.000000 0.000000 0.000000 1.000000
0.999496 -0.023220 0.021646 0.004700 0.025576 0.992941 -0.115817 5.245300 -0.018804 0.116313 0.993035 0.258800 0.000000 0.000000 0.000000 1.000000
0.999617 -0.021771 0.017067 0.004700 0.023927 0.990081 -0.138446 5.245300 -0.013884 0.138802 0.990223 0.258800 0.000000 0.000000 0.000000 1.000000
0.999744 -0.005694 0.021899 0.004700 0.008970 0.988251 -0.152575 5.245300 -0.020773 0.152732 0.988049 0.258800 0.000000 0.000000 0.000000 1.000000
0.999062 0.017532 0.039607 0.004700 -0.010583 0.985510 -0.169287 5.245300 -0.042001 0.168709 0.984771 0.258800 0.000000 0.000000 0.000000 1.000000
0.998204 0.029152 0.052332 0.004700 -0.019206 0.983226 -0.181377 5.245300 -0.056742 0.180047 0.982020 0.258800 0.000000 0.000000 0.000000 1.000000
0.997653 0.021611 0.064973 0.004700 -0.008680 0.981146 -0.193071 5.245300 -0.067920 0.192054 0.979031 0.258800 0.000000 0.000000 0.000000 1.000000
0.997160 0.012080 0.074339 0.004700 0.003297 0.979106 -0.203325 5.245300 -0.075242 0.202993 0.976285 0.258800 0.000000 0.000000 0.000000 1.000000
0.997208 0.009392 0.074087 0.004700 0.006298 0.977949 -0.208749 5.245300 -0.074414 0.208633 0.975159 0.258800 0.000000 0.000000 0.000000 1.000000
0.997296 0.006639 0.073191 0.004700 0.009239 0.976685 -0.214480 5.245300 -0.072908 0.214577 0.973982 0.258800 0.000000 0.000000 0.000000 1.000000
0.997406 0.004134 0.071867 0.004700 0.011796 0.975470 -0.219816 5.245300 -0.071013 0.220093 0.972891 0.258800 0.000000 0.000000 0.000000 1.000000
0.997522 0.002130 0.070326 0.004700 0.013715 0.974480 -0.224056 5.245300 -0.069008 0.224465 0.972036 0.258800 0.000000 0.000000 0.000000 1.000000
0.997634 0.000952 0.068747 0.004700 0.014679 0.973901 -0.226498 5.245300 -0.067168 0.226971 0.971583 0.258800 0.000000 0.000000 0.000000 1.000000
0.997786 0.001136 0.066504 0.004700 0.013921 0.974143 -0.225504 5.245300 -0.065040 0.225931 0.971970 0.258800 0.000000 0.000000 0.000000 1.000000
0.997965 0.001048 0.063751 0.004700 0.013155 0.974969 -0.221953 5.245300 -0.062388 0.222340 0.972971 0.258800 0.000000 0.000000 0.000000 1.000000
0.998160 -0.000829 0.060624 0.004700 0.013922 0.976322 -0.215875 5.245300 -0.059010 0.216322 0.974537 0.258800 0.000000 0.000000 0.000000 1.000000
0.998383 -0.002475 0.056787 0.004700 0.014359 0.977631 -0.209839 5.245300 -0.054997 0.210315 0.976085 0.258800 0.000000 0.000000 0.000000 1.000000
0.998556 -0.001612 0.053703 0.004700 0.012495 0.979108 -0.202955 5.245300 -0.052254 0.203333 0.977714 0.258800 0.000000 0.000000 0.000000 1.000000
0.998708 -0.000148 0.050826 0.004700 0.010074 0.980732 -0.195098 5.245300 -0.049817 0.195358 0.979466 0.258800 0.000000 0.000000 0.000000 1.000000
0.998849 0.001255 0.047957 0.004700 0.007833 0.981977 -0.188836 5.245300 -0.047329 0.188994 0.980837 0.258800 0.000000 0.000000 0.000000 1.000000
0.999057 0.002517 0.043334 0.004700 0.005430 0.983229 -0.182295 5.245300 -0.043066 0.182359 0.982288 0.258800 0.000000 0.000000 0.000000 1.000000
0.999247 0.003260 0.038661 0.004700 0.003534 0.984673 -0.174378 5.245300 -0.038637 0.174383 0.983920 0.258800 0.000000 0.000000 0.000000 1.000000
0.999435 0.003711 0.033419 0.004700 0.001962 0.985762 -0.168132 5.245300 -0.033567 0.168103 0.985198 0.258800 0.000000 0.000000 0.000000 1.000000
0.999581 0.004316 0.028624 0.004700 0.000389 0.986731 -0.162361 5.245300 -0.028945 0.162304 0.986316 0.258800 0.000000 0.000000 0.000000 1.000000
0.999685 0.004120 0.024759 0.004700 -0.000118 0.987195 -0.159519 5.245300 -0.025099 0.159466 0.986884 0.258800 0.000000 0.000000 0.000000 1.000000
0.999795 0.002858 0.020020 0.004700 0.000358 0.987300 -0.158868 5.245300 -0.020220 0.158843 0.987097 0.258800 0.000000 0.000000 0.000000 1.000000
0.999884 0.000091 0.015237 0.004700 0.002319 0.987433 -0.158023 5.245300 -0.015060 0.158040 0.987318 0.258800 0.000000 0.000000 0.000000 1.000000
0.999941 -0.004085 0.010107 0.004700 0.005619 0.987635 -0.156668 5.245300 -0.009342 0.156716 0.987600 0.258800 0.000000 0.000000 0.000000 1.000000
0.999965 -0.006909 0.004791 0.004700 0.007570 0.987807 -0.155502 5.245300 -0.003658 0.155532 0.987824 0.258800 0.000000 0.000000 0.000000 1.000000
0.999960 -0.008862 -0.000826 0.004700 0.008625 0.987804 -0.155465 5.245300 0.002194 0.155452 0.987841 0.258800 0.000000 0.000000 0.000000 1.000000
0.999924 -0.010851 -0.005801 0.004700 0.009821 0.987854 -0.155072 5.245300 0.007413 0.155003 0.987886 0.258800 0.000000 0.000000 0.000000 1.000000
0.999820 -0.016675 -0.009039 0.004700 0.015112 0.988309 -0.151713 5.245300 0.011463 0.151549 0.988383 0.258800 0.000000 0.000000 0.000000 1.000000
0.999783 -0.015031 -0.014402 0.004700 0.012669 0.988304 -0.151968 5.245300 0.016518 0.151753 0.988280 0.258800 0.000000 0.000000 0.000000 1.000000
0.999743 -0.013061 -0.018532 0.004700 0.010099 0.988364 -0.151773 5.245300 0.020299 0.151547 0.988242 0.258800 0.000000 0.000000 0.000000 1.000000
0.999751 -0.010947 -0.019452 0.004700 0.007887 0.988507 -0.150967 5.245300 0.020882 0.150776 0.988347 0.258800 0.000000 0.000000 0.000000 1.000000
0.999820 -0.005744 -0.018110 0.004700 0.002962 0.988667 -0.150098 5.245300 0.018767 0.150017 0.988505 0.258800 0.000000 0.000000 0.000000 1.000000
0.999895 -0.002766 -0.014254 0.004700 0.000625 0.988973 -0.148095 5.245300 0.014507 0.148071 0.988870 0.258800 0.000000 0.000000 0.000000 1.000000
0.999955 -0.000028 -0.009525 0.004700 -0.001361 0.989316 -0.145778 5.245300 0.009427 0.145784 0.989271 0.258800 0.000000 0.000000 0.000000 1.000000
0.999979 0.003353 -0.005477 0.004700 -0.004104 0.989665 -0.143337 5.245300 0.004940 0.143357 0.989659 0.258800 0.000000 0.000000 0.000000 1.000000
0.999979 0.006431 0.000236 0.004700 -0.006333 0.989885 -0.141728 5.245300 -0.001145 0.141723 0.989906 0.258800 0.000000 0.000000 0.000000 1.000000
0.999931 0.009442 0.006931 0.004700 -0.008379 0.990114 -0.140015 5.245300 -0.008184 0.139947 0.990125 0.258800 0.000000 0.000000 0.000000 1.000000
0.999823 0.011682 0.014738 0.004700 -0.009522 0.990259 -0.138911 5.245300 -0.016217 0.138746 0.990195 0.258800 0.000000 0.000000 0.000000 1.000000
0.999622 0.014768 0.023195 0.004700 -0.011464 0.990559 -0.136604 5.245300 -0.024993 0.136286 0.990354 0.258800 0.000000 0.000000 0.000000 1.000000
0.999345 0.019225 0.030674 0.004700 -0.014922 0.990758 -0.134821 5.245300 -0.032982 0.134275 0.990395 0.258800 0.000000 0.000000 0.000000 1.000000
0.999016 0.022986 0.037923 0.004700 -0.017737 0.990908 -0.133368 5.245300 -0.040644 0.132564 0.990341 0.258800 0.000000 0.000000 0.000000 1.000000
0.998668 0.027140 0.043880 0.004700 -0.021160 0.991100 -0.131424 5.245300 -0.047057 0.130320 0.990355 0.258800 0.000000 0.000000 0.000000 1.000000
0.998337 0.030874 0.048675 0.004700 -0.024332 0.991257 -0.129685 5.245300 -0.052254 0.128285 0.990360 0.258800 0.000000 0.000000 0.000000 1.000000
0.998055 0.033881 0.052334 0.004700 -0.026947 0.991415 -0.127944 5.245300 -0.056220 0.126285 0.990400 0.258800 0.000000 0.000000 0.000000 1.000000</float_array>
        <technique_common>
          <accessor source="#mixamorig_Spine-Matrix-animation-output-transform-array" count="69" stride="16">
            <param type="float4x4"/>
          </accessor>
        </technique_common>
      </source>
      <source id="mixamorig_Spine-Interpolations">
        <Name_array id="mixamorig_Spine-Interpolations-array" count="69">
 LINEAR LINEAR LINEAR LINEAR LINEAR LINEAR LINEAR LINEAR LINEAR LINEAR LINEAR
LINEAR LINEAR LINEAR LINEAR LINEAR LINEAR LINEAR LINEAR LINEAR LINEAR LINEAR LINEAR
LINEAR LINEAR LINEAR LINEAR LINEAR LINEAR LINEAR LINEAR LINEAR LINEAR LINEAR LINEAR
LINEAR LINEAR LINEAR LINEAR LINEAR LINEAR LINEAR LINEAR LINEAR LINEAR LINEAR LINEAR
LINEAR LINEAR LINEAR LINEAR LINEAR LINEAR LINEAR LINEAR LINEAR LINEAR LINEAR LINEAR
LINEAR LINEAR LINEAR LINEAR LINEAR LINEAR LINEAR LINEAR LINEAR LINEAR</Name_array>
        <technique_common>
          <accessor source="#mixamorig_Spine-Interpolations-array" count="69">
            <param type="name"/>
          </accessor>
        </technique_common>
      </source>
      <sampler id="mixamorig_Spine-Matrix-animation-transform">
        <input semantic="INPUT" source="#mixamorig_Spine-Matrix-animation-input"/>
        <input semantic="OUTPUT" source="#mixamorig_Spine-Matrix-animation-output-transform"/>
        <input semantic="INTERPOLATION" source="#mixamorig_Spine-Interpolations"/>
      </sampler>
      <channel source="#mixamorig_Spine-Matrix-animation-transform" target="mixamorig_Spine/matrix"/>
    </animation>
    <animation id="mixamorig_Spine1-anim" name="mixamorig_Spine1">
      <source id="mixamorig_Spine1-Matrix-animation-input">
        <float_array id="mixamorig_Spine1-Matrix-animation-input-array" count="69">

0.000000 0.033333 0.066667 0.100000 0.133333 0.166667 0.200000 0.233333 0.266667 0.300000 0.333333 0.366667 0.400000 0.433333 0.466667 0.500000
0.533333 0.566667 0.600000 0.633333 0.666667 0.700000 0.733333 0.766667 0.800000 0.833333 0.866667 0.900000 0.933333 0.966667 1.000000 1.033333
1.066667 1.100000 1.133333 1.166667 1.200000 1.233333 1.266667 1.300000 1.333333 1.366667 1.400000 1.433333 1.466667 1.500000 1.533333 1.566667
1.600000 1.633333 1.666667 1.700000 1.733333 1.766667 1.800000 1.833333 1.866667 1.900000 1.933333 1.966667 2.000000 2.033333 2.066667 2.100000
2.133333 2.166667 2.200000 2.233333 2.266667</float_array>
        <technique_common>
          <accessor source="#mixamorig_Spine1-Matrix-animation-input-array" count="69">
            <param name="TIME" type="float"/>
          </accessor>
        </technique_common>
      </source>
      <source id="mixamorig_Spine1-Matrix-animation-output-transform">
        <float_array id="mixamorig_Spine1-Matrix-animation-output-transform-array" count="1104">

0.992503 0.060734 0.106066 0.000000 -0.057318 0.997744 -0.034961 11.066900 -0.107950 0.028619 0.993744 -0.000000 0.000000 0.000000 0.000000 1.000000
0.993050 0.059930 0.101289 -0.000000 -0.057056 0.997888 -0.031041 11.066900 -0.102935 0.025046 0.994373 0.000000 0.000000 0.000000 0.000000 1.000000
0.994774 0.056093 0.085318 0.000000 -0.054133 0.998218 -0.025116 11.066900 -0.086575 0.020367 0.996037 0.000000 0.000000 0.000000 0.000000 1.000000
0.997016 0.049449 0.059280 0.000000 -0.048298 0.998619 -0.020688 11.066900 -0.060221 0.017763 0.998027 0.000000 0.000000 0.000000 0.000000 1.000000
0.998767 0.042909 0.024948 0.000000 -0.042522 0.998970 -0.015853 11.066900 -0.025603 0.014772 0.999563 0.000000 0.000000 0.000000 0.000000 1.000000
0.999348 0.033972 -0.012191 -0.000000 -0.034071 0.999388 -0.007970 11.066900 0.011913 0.008380 0.999894 0.000000 0.000000 0.000000 0.000000 1.000000
0.998336 0.025056 -0.051928 0.000000 -0.024864 0.999681 0.004326 11.066900 0.052020 -0.003027 0.998641 0.000000 0.000000 0.000000 0.000000 1.000000
0.995600 0.013911 -0.092665 -0.000000 -0.012460 0.999791 0.016211 11.066900 0.092871 -0.014985 0.995565 -0.000000 0.000000 0.000000 0.000000 1.000000
0.992139 0.008102 -0.124879 0.000000 -0.004306 0.999521 0.030633 11.066900 0.125067 -0.029854 0.991699 0.000000 0.000000 0.000000 0.000000 1.000000
0.989137 0.010218 -0.146638 0.000000 -0.004054 0.999098 0.042273 11.066900 0.146938 -0.041220 0.988287 -0.000000 0.000000 0.000000 0.000000 1.000000
0.987996 0.011844 -0.154028 0.000000 -0.003701 0.998585 0.053047 11.066900 0.154438 -0.051840 0.986641 0.000000 0.000000 0.000000 0.000000 1.000000
0.987915 0.011672 -0.154559 -0.000000 -0.001480 0.997825 0.065896 11.066900 0.154992 -0.064870 0.985784 0.000000 0.000000 0.000000 0.000000 1.000000
0.988607 0.012434 -0.150006 0.000000 -0.000683 0.996943 0.078135 11.066900 0.150519 -0.077143 0.985593 0.000000 0.000000 0.000000 0.000000 1.000000
0.990106 0.016522 -0.139344 0.000000 -0.003619 0.995721 0.092344 11.066900 0.140273 -0.090926 0.985929 0.000000 0.000000 0.000000 0.000000 1.000000
0.991376 0.022292 -0.129140 0.000000 -0.008348 0.994168 0.107522 11.066900 0.130784 -0.105517 0.985780 0.000000 0.000000 0.000000 0.000000 1.000000
0.992878 0.031714 -0.114836 0.000000 -0.017705 0.992492 0.121018 11.066900 0.117812 -0.118123 0.985985 0.000000 0.000000 0.000000 0.000000 1.000000
0.995027 0.042766 -0.089957 0.000000 -0.030572 0.990670 0.132812 11.066900 0.094798 -0.129402 0.987050 0.000000 0.000000 0.000000 0.000000 1.000000
0.996971 0.055850 -0.054117 -0.000000 -0.047711 0.988787 0.141507 11.066900 0.061414 -0.138497 0.988457 -0.000000 0.000000 0.000000 0.000000 1.000000
0.997454 0.069004 -0.018018 0.000000 -0.065833 0.988038 0.139449 11.066900 0.027425 -0.137908 0.990065 0.000000 0.000000 0.000000 0.000000 1.000000
0.996502 0.081689 0.017627 0.000000 -0.083283 0.988196 0.128577 11.066900 -0.006916 -0.129595 0.991543 0.000000 0.000000 0.000000 0.000000 1.000000
0.993991 0.088249 0.064765 -0.000000 -0.094430 0.990539 0.099571 11.066900 -0.055365 -0.105089 0.992921 -0.000000 0.000000 0.000000 0.000000 1.000000
0.990373 0.084802 0.109409 0.000000 -0.090781 0.994571 0.050870 11.066900 -0.104501 -0.060312 0.992694 -0.000000 0.000000 0.000000 0.000000 1.000000
0.988409 0.070352 0.134526 0.000000 -0.069830 0.997522 -0.008600 11.066900 -0.134798 -0.000894 0.990873 0.000000 0.000000 0.000000 0.000000 1.000000
0.989340 0.075064 0.124789 0.000000 -0.068748 0.996162 -0.054182 11.066900 -0.128377 0.045025 0.990703 0.000000 0.000000 0.000000 0.000000 1.000000
0.984974 0.107999 0.134771 0.000000 -0.097060 0.991619 -0.085271 11.066900 -0.142851 0.070909 0.987201 0.000000 0.000000 0.000000 0.000000 1.000000
0.973236 0.154944 0.169720 0.000000 -0.134987 0.983124 -0.123470 11.066900 -0.185987 0.097256 0.977727 0.000000 0.000000 0.000000 0.000000 1.000000
0.964412 0.179845 0.193819 0.000000 -0.151906 0.976859 -0.150568 11.066900 -0.216413 0.115768 0.969414 0.000000 0.000000 0.000000 0.000000 1.000000
0.961644 0.167252 0.217409 0.000000 -0.130678 0.976217 -0.172986 11.066900 -0.241171 0.137941 0.960629 0.000000 0.000000 0.000000 0.000000 1.000000
0.960336 0.150305 0.234869 0.000000 -0.105885 0.975765 -0.191498 11.066900 -0.257960 0.159033 0.952977 -0.000000 0.000000 0.000000 0.000000 1.000000
0.961145 0.146127 0.234194 0.000000 -0.099007 0.974436 -0.201674 11.066900 -0.257677 0.170651 0.951042 0.000000 0.000000 0.000000 0.000000 1.000000
0.962301 0.141558 0.232247 0.000000 -0.091849 0.972857 -0.212397 11.066900 -0.256009 0.183059 0.949183 0.000000 0.000000 0.000000 0.000000 1.000000
0.963600 0.137213 0.229450 0.000000 -0.085347 0.971219 -0.222373 11.066900 -0.253359 0.194696 0.947577 -0.000000 0.000000 0.000000 0.000000 1.000000
0.964852 0.133713 0.226234 -0.000000 -0.080399 0.969794 -0.230295 11.066900 -0.250194 0.204011 0.946458 -0.000000 0.000000 0.000000 0.000000 1.000000
0.965878 0.131676 0.223029 -0.000000 -0.077863 0.968911 -0.234838 11.066900 -0.247017 0.209459 0.946102 0.000000 0.000000 0.000000 0.000000 1.000000
0.966824 0.132006 0.218689 -0.000000 -0.079650 0.969230 -0.232916 11.066900 -0.242706 0.207770 0.947589 0.000000 0.000000 0.000000 0.000000 1.000000
0.968059 0.131556 0.213438 0.000000 -0.082102 0.970681 -0.225917 11.066900 -0.236900 0.201177 0.950477 0.000000 0.000000 0.000000 0.000000 1.000000
0.969880 0.127383 0.207620 0.000000 -0.082140 0.973472 -0.213553 11.066900 -0.229316 0.190067 0.954614 -0.000000 0.000000 0.000000 0.000000 1.000000
0.971876 0.123690 0.200393 0.000000 -0.082716 0.976034 -0.201285 11.066900 -0.220488 0.179048 0.958815 -0.000000 0.000000 0.000000 0.000000 1.000000
0.972879 0.125021 0.194620 0.000000 -0.088135 0.978240 -0.187828 11.066900 -0.213868 0.165581 0.962727 0.000000 0.000000 0.000000 0.000000 1.000000
0.973561 0.127899 0.189266 -0.000000 -0.095244 0.980379 -0.172583 11.066900 -0.207625 0.149994 0.966640 0.000000 0.000000 0.000000 0.000000 1.000000
0.974177 0.131094 0.183828 0.000000 -0.101831 0.981770 -0.160492 11.066900 -0.201516 0.137628 0.969768 0.000000 0.000000 0.000000 0.000000 1.000000
0.975400 0.133972 0.175060 0.000000 -0.108514 0.983060 -0.147705 11.066900 -0.191883 0.125075 0.973415 0.000000 0.000000 0.000000 0.000000 1.000000
0.976716 0.135509 0.166326 0.000000 -0.114133 0.984658 -0.131995 11.066900 -0.181660 0.109938 0.977197 -0.000000 0.000000 0.000000 0.000000 1.000000
0.978227 0.136392 0.156425 0.000000 -0.118339 0.985761 -0.119464 11.066900 -0.170492 0.098352 0.980438 0.000000 0.000000 0.000000 0.000000 1.000000
0.979503 0.137223 0.147460 -0.000000 -0.121989 0.986655 -0.107844 11.066900 -0.160291 0.087645 0.983171 0.000000 0.000000 0.000000 0.000000 1.000000
0.980704 0.136291 0.140158 0.000000 -0.122629 0.987206 -0.101919 11.066900 -0.152255 0.082765 0.984870 0.000000 0.000000 0.000000 0.000000 1.000000
0.982469 0.132617 0.131026 -0.000000 -0.119978 0.987719 -0.100086 11.066900 -0.142690 0.082611 0.986314 -0.000000 0.000000 0.000000 0.000000 1.000000
0.984511 0.126205 0.121699 0.000000 -0.114654 0.988592 -0.097672 11.066900 -0.132638 0.082206 0.987750 0.000000 0.000000 0.000000 0.000000 1.000000
0.986805 0.117302 0.111609 -0.000000 -0.107020 0.989798 -0.094061 11.066900 -0.121504 0.080875 0.989291 -0.000000 0.000000 0.000000 0.000000 1.000000
0.988629 0.111210 0.101218 0.000000 -0.102104 0.990593 -0.091107 11.066900 -0.110398 0.079736 0.990684 0.000000 0.000000 0.000000 0.000000 1.000000
0.990305 0.106122 0.089635 0.000000 -0.098007 0.991058 -0.090549 11.066900 -0.098443 0.080886 0.991850 0.000000 0.000000 0.000000 0.000000 1.000000
0.991955 0.099529 0.078231 0.000000 -0.092464 0.991706 -0.089269 11.066900 -0.086467 0.081317 0.992931 -0.000000 0.000000 0.000000 0.000000 1.000000
0.994065 0.083964 0.069173 -0.000000 -0.078249 0.993593 -0.081547 11.066900 -0.075576 0.075650 0.994266 0.000000 0.000000 0.000000 0.000000 1.000000
0.995029 0.082715 0.055455 0.000000 -0.078018 0.993565 -0.082104 11.066900 -0.061889 0.077369 0.995080 0.000000 0.000000 0.000000 0.000000 1.000000
0.995720 0.081475 0.043626 0.000000 -0.077720 0.993616 -0.081776 11.066900 -0.050010 0.078036 0.995695 0.000000 0.000000 0.000000 0.000000 1.000000
0.996087 0.079853 0.037862 0.000000 -0.076623 0.993828 -0.080223 11.066900 -0.044034 0.077008 0.996058 0.000000 0.000000 0.000000 0.000000 1.000000
0.995808 0.083836 0.036591 -0.000000 -0.080753 0.993610 -0.078858 11.066900 -0.042969 0.075573 0.996214 -0.000000 0.000000 0.000000 0.000000 1.000000
0.995780 0.082717 0.039752 0.000000 -0.079578 0.994007 -0.074954 11.066900 -0.045714 0.071474 0.996394 0.000000 0.000000 0.000000 0.000000 1.000000
0.995763 0.080644 0.044193 0.000000 -0.077419 0.994511 -0.070380 11.066900 -0.049626 0.066660 0.996541 0.000000 0.000000 0.000000 0.000000 1.000000
0.995729 0.079526 0.046901 0.000000 -0.076372 0.994919 -0.065602 11.066900 -0.051880 0.061740 0.996743 0.000000 0.000000 0.000000 0.000000 1.000000
0.995617 0.077393 0.052507 -0.000000 -0.074074 0.995295 -0.062458 11.066900 -0.057094 0.058295 0.996665 0.000000 0.000000 0.000000 0.000000 1.000000
0.995412 0.074716 0.059773 0.000000 -0.071191 0.995711 -0.059083 11.066900 -0.063931 0.054557 0.996462 0.000000 0.000000 0.000000 0.000000 1.000000
0.995148 0.070247 0.068894 -0.000000 -0.066385 0.996174 -0.056835 11.066900 -0.072623 0.051985 0.996004 -0.000000 0.000000 0.000000 0.000000 1.000000
0.994583 0.067214 0.079296 -0.000000 -0.063188 0.996634 -0.052235 11.066900 -0.082540 0.046941 0.995482 0.000000 0.000000 0.000000 0.000000 1.000000
0.993888 0.066849 0.087853 0.000000 -0.062732 0.996836 -0.048816 11.066900 -0.090839 0.043007 0.994937 0.000000 0.000000 0.000000 0.000000 1.000000
0.993260 0.065185 0.095841 0.000000 -0.061001 0.997079 -0.045959 11.066900 -0.098557 0.039802 0.994335 0.000000 0.000000 0.000000 0.000000 1.000000
0.992751 0.064493 0.101420 0.000000 -0.060484 0.997280 -0.042123 11.066900 -0.103861 0.035683 0.993952 0.000000 0.000000 0.000000 0.000000 1.000000
0.992481 0.063221 0.104805 0.000000 -0.059462 0.997484 -0.038613 11.066900 -0.106982 0.032090 0.993743 0.000000 0.000000 0.000000 0.000000 1.000000
0.992497 0.060847 0.106054 -0.000000 -0.057431 0.997737 -0.034973 11.066900 -0.107942 0.028620 0.993745 -0.000000 0.000000 0.000000 0.000000 1.000000</float_array>
        <technique_common>
          <accessor source="#mixamorig_Spine1-Matrix-animation-output-transform-array" count="69" stride="16">
            <param type="float4x4"/>
          </accessor>
        </technique_common>
      </source>
      <source id="mixamorig_Spine1-Interpolations">
        <Name_array id="mixamorig_Spine1-Interpolations-array" count="69">
 LINEAR LINEAR LINEAR LINEAR LINEAR LINEAR LINEAR LINEAR LINEAR LINEAR LINEAR
LINEAR LINEAR LINEAR LINEAR LINEAR LINEAR LINEAR LINEAR LINEAR LINEAR LINEAR LINEAR
LINEAR LINEAR LINEAR LINEAR LINEAR LINEAR LINEAR LINEAR LINEAR LINEAR LINEAR LINEAR
LINEAR LINEAR LINEAR LINEAR LINEAR LINEAR LINEAR LINEAR LINEAR LINEAR LINEAR LINEAR
LINEAR LINEAR LINEAR LINEAR LINEAR LINEAR LINEAR LINEAR LINEAR LINEAR LINEAR LINEAR
LINEAR LINEAR LINEAR LINEAR LINEAR LINEAR LINEAR LINEAR LINEAR LINEAR</Name_array>
        <technique_common>
          <accessor source="#mixamorig_Spine1-Interpolations-array" count="69">
            <param type="name"/>
          </accessor>
        </technique_common>
      </source>
      <sampler id="mixamorig_Spine1-Matrix-animation-transform">
        <input semantic="INPUT" source="#mixamorig_Spine1-Matrix-animation-input"/>
        <input semantic="OUTPUT" source="#mixamorig_Spine1-Matrix-animation-output-transform"/>
        <input semantic="INTERPOLATION" source="#mixamorig_Spine1-Interpolations"/>
      </sampler>
      <channel source="#mixamorig_Spine1-Matrix-animation-transform" target="mixamorig_Spine1/matrix"/>
    </animation>
    <animation id="mixamorig_Spine2-anim" name="mixamorig_Spine2">
      <source id="mixamorig_Spine2-Matrix-animation-input">
        <float_array id="mixamorig_Spine2-Matrix-animation-input-array" count="69">

0.000000 0.033333 0.066667 0.100000 0.133333 0.166667 0.200000 0.233333 0.266667 0.300000 0.333333 0.366667 0.400000 0.433333 0.466667 0.500000
0.533333 0.566667 0.600000 0.633333 0.666667 0.700000 0.733333 0.766667 0.800000 0.833333 0.866667 0.900000 0.933333 0.966667 1.000000 1.033333
